	10	0007000A	-9	0	3
	10	0007000A	116	0	2
	10	0007000A	126	0	2
	10	0007000A	14	0	2
	10	0007000A	178	0	2
	10	0007000A	202	0	1
	10	0007000A	23	0	2
	10	0007000A	35	0	1
	10	0007000A	4	0	1
	10	0007000A	5	0	20
	10	0007000A	54	0	1
	10	0007000A	72	0	1
	10	0007000A	74	0	1
	10	0007000A	77	0	1
	10	0007000A	8	0	2
	10	0007000A	9	0	3
	10	0007091E	1118	0	20
	10	0007091G	1460	0	1
	10	000709AS	17189	0	1
	10	000709B1	3014	0	3
	10	000709BZ	756	0	1
	10	000709CD	3061	0	1
	10	000709CD	3673	0	1
	10	000709CD	4095	0	1
	10	000709CD	612	0	1
	10	000709CD	683	0	1
	10	000709CM	2270	0	1
	10	000709D1	1365	0	2
	10	000709D1	612	0	5
	10	000709D1	683	0	9
	10	000709EX	1831	0	1
	10	000709EX	2150	0	2
	10	000709EX	4301	0	1
	10	000709EY	2150	0	1
	10	000709K7	1754	0	1
	10	000709K7	1995	0	5
	10	000709K7	2993	0	2
	10	000709K7	4988	0	1
	10	000709K7	877	0	12
	10	000709K7	998	0	21
	10	000709KG	273	0	1
	10	000709KS	756	0	1
	10	0007171F	3278	0	1
	10	0007171F	6556	0	1
	10	0007171F	9834	0	2
	10	0007171G	0	728	1
	10	0007171G	1470	0	2
	10	0007171G	2205	0	1
	10	0007171G	735	0	8
	10	0007171R	24452	0	1
	10	0007171R	6113	0	5
	10	0007171T	7812	0	11
	10	0007171U	4883	0	10
	10	0007171U	9765	0	1
	10	0007172C	0	11040	1
	10	0007172C	0	2760	8
	10	0007172C	0	4550	1
	10	0007172D	0	1904	1
	10	0007172D	1153	0	5
	10	0007172D	1281	0	3
	10	000717A1	0	40375	2
	10	000717A1	0	75600	2
	10	000757A4	14933	0	1
	10	000757A4	29866	0	1
	10	000757A5	12688	0	1
	10	000757A5	6344	0	1
	10	000757GG	-42513	0	1
	10	000757GG	42513	0	1
	10	000757GH	55313	0	1
	10	000757GI	38177	0	2
	10	000757GP	38177	0	3
	10	000757HI	-1500	0	6
	10	000757HI	0	-1500	1
	10	000757HI	0	-1950	3
	10	000757HI	0	1500	1
	10	000757HI	0	1950	3
	10	000757HI	0	2100	1
	10	000757HI	1500	0	41
	10	000757IA	38177	0	1
	10	000757IE	4931	0	1
	10	000757JL	4696	0	1
	10	000757JN	7680	0	1
	10	000757JO	3472	0	1
	10	000757KM	42513	0	1
	10	000759C8	0	123	1
	10	000759C8	0	130	1
	10	000759C8	0	369	1
	10	000759C8	0	615	2
	10	000759C8	129	0	2
	10	000759C8	1292	0	1
	10	000759C9	0	267	1
	10	000759C9	2678	0	1
	10	000759C9	5355	0	4
	10	0007620K	137	0	1
	10	0007620L	158	0	4
	10	0007620X	25200	0	2
	10	0007621L	8230	0	4
	10	000762AC	19153	0	5
	10	0007631K	0	120	1
	10	0007631K	0	60	20
	10	0007631K	0	65	23
	10	0007631K	0	70	7
	10	0007631L	0	700	1
	10	0007631M	0	-165	1
	10	0007631M	0	-27	1
	10	0007631M	0	-33	2
	10	0007631M	0	105	1
	10	0007631M	0	108	2
	10	0007631M	0	132	1
	10	0007631M	0	165	2
	10	0007631M	0	24	1
	10	0007631M	0	26	4
	10	0007631M	0	27	293
	10	0007631M	0	28	1
	10	0007631M	0	30	63
	10	0007631M	0	33	423
	10	0007631M	0	35	97
	10	0007631M	0	54	22
	10	0007631M	0	60	4
	10	0007631M	0	66	36
	10	0007631M	0	70	7
	10	0007631M	0	79	1
	10	0007631M	0	99	2
	10	0007631M	35	0	1
	10	0007631W	0	64800	1
	10	000763A3	24449	0	1
	10	0007798A	-14416	0	3
	10	0007798A	0	-14416	2
	10	0007798A	0	14416	2
	10	0007798A	14416	0	5
	10	0007811B	1785	0	1
	10	000921EF	1579	0	1
	10	70000	230	0	1
	10	70000	365	0	1
	10	70000	4	0	1
	10	70001	-54	0	1
	10	70001	109	0	1
	10	70001	12	0	3
	10	70001	135	0	1
	10	70001	14	0	1
	10	70001	163	0	1
	10	70001	27	0	1
	10	70001	32	0	1
	10	70001	4	0	6
	10	70001	5	0	15
	10	70001	54	0	1
	10	70001	8	0	3
	10	70001	89	0	1
	10	70001	9	0	6
	10	70002	-11	0	128
	10	70002	-13	0	26
	10	70002	-14	0	37
	10	70002	-15	0	13
	10	70002	-17	0	27
	10	70002	-19	0	1
	10	70002	-2	0	909
	10	70002	-20	0	15
	10	70002	-23	0	2
	10	70002	-28	0	1
	10	70002	-3	0	1227
	10	70002	-4	0	373
	10	70002	-6	0	692
	10	70002	-8	0	388
	10	70002	0	-2	5
	10	70002	0	-3	3
	10	70002	0	-4	1
	10	70002	0	-6	1
	10	70002	0	-8	1
	10	70002	0	-9	2
	10	70002	0	2	71
	10	70002	0	3	127
	10	70002	0	4	2
	10	70002	0	6	6
	10	70002	0	9	1
	10	70002	11	0	238
	10	70002	13	0	247
	10	70002	14	0	57
	10	70002	15	0	6
	10	70002	158	0	1
	10	70002	17	0	311
	10	70002	19	0	6
	10	70002	2	0	5932
	10	70002	20	0	4
	10	70002	21	0	24
	10	70002	23	0	46
	10	70002	25	0	11
	10	70002	27	0	1
	10	70002	28	0	25
	10	70002	3	0	8739
	10	70002	31	0	4
	10	70002	32	0	2
	10	70002	34	0	9
	10	70002	37	0	3
	10	70002	38	0	1
	10	70002	4	0	1185
	10	70002	40	0	4
	10	70002	42	0	3
	10	70002	45	0	2
	10	70002	51	0	1
	10	70002	57	0	6
	10	70002	59	0	1
	10	70002	6	0	3075
	10	70002	62	0	1
	10	70002	65	0	1
	10	70002	68	0	1
	10	70002	8	0	1488
	10	70004	-1	0	950
	10	70004	-10	0	83
	10	70004	-12	0	46
	10	70004	-13	0	30
	10	70004	-15	0	8
	10	70004	-17	0	2
	10	70004	-2	0	1168
	10	70004	-20	0	3
	10	70004	-24	0	1
	10	70004	-3	0	2067
	10	70004	-30	0	1
	10	70004	-35	0	2
	10	70004	-4	0	435
	10	70004	-40	0	9
	10	70004	-47	0	1
	10	70004	-5	0	553
	10	70004	-50	0	1
	10	70004	-6	0	216
	10	70004	-7	0	399
	10	70004	-71	0	1
	10	70004	-8	0	95
	10	70004	-81	0	1
	10	70004	-9	0	40
	10	70004	0	-1	4
	10	70004	0	-2	10
	10	70004	0	-4	5
	10	70004	0	-6	2
	10	70004	0	-7	1
	10	70004	0	-8	1
	10	70004	0	1	88
	10	70004	0	2	163
	10	70004	0	3	1
	10	70004	0	4	42
	10	70004	0	6	1
	10	70004	0	8	8
	10	70004	1	0	14678
	10	70004	10	0	1384
	10	70004	101	0	1
	10	70004	102	0	1
	10	70004	104	0	2
	10	70004	108	0	1
	10	70004	118	0	1
	10	70004	12	0	394
	10	70004	13	0	495
	10	70004	15	0	59
	10	70004	16	0	5
	10	70004	17	0	44
	10	70004	18	0	50
	10	70004	19	0	5
	10	70004	2	0	20236
	10	70004	20	0	92
	10	70004	21	0	1
	10	70004	22	0	16
	10	70004	24	0	29
	10	70004	25	0	4
	10	70004	26	0	2
	10	70004	27	0	20
	10	70004	28	0	1
	10	70004	29	0	12
	10	70004	3	0	15651
	10	70004	30	0	5
	10	70004	31	0	1
	10	70004	32	0	1
	10	70004	34	0	6
	10	70004	35	0	13
	10	70004	37	0	3
	10	70004	39	0	1
	10	70004	4	0	3448
	10	70004	40	0	27
	10	70004	42	0	2
	10	70004	44	0	1
	10	70004	47	0	1
	10	70004	5	0	5043
	10	70004	50	0	7
	10	70004	54	0	7
	10	70004	57	0	2
	10	70004	6	0	2147
	10	70004	60	0	1
	10	70004	7	0	3624
	10	70004	71	0	1
	10	70004	8	0	213
	10	70004	81	0	6
	10	70004	84	0	1
	10	70004	88	0	2
	10	70004	9	0	868
	10	70004	99	0	1
	10	70005	-102	0	1
	10	70005	-104	0	1
	10	70005	-11	0	82
	10	70005	-110	0	1
	10	70005	-111	0	23
	10	70005	-12	0	104
	10	70005	-121	0	2
	10	70005	-13	0	19
	10	70005	-136	0	4
	10	70005	-139	0	2
	10	70005	-14	0	145
	10	70005	-148	0	3
	10	70005	-15	0	49
	10	70005	-151	0	1
	10	70005	-157	0	1
	10	70005	-16	0	30
	10	70005	-166	0	4
	10	70005	-17	0	9
	10	70005	-174	0	1
	10	70005	-18	0	66
	10	70005	-181	0	6
	10	70005	-185	0	5
	10	70005	-19	0	13
	10	70005	-194	0	1
	10	70005	-2	0	1486
	10	70005	-21	0	13
	10	70005	-222	0	7
	10	70005	-23	0	34
	10	70005	-24	0	1
	10	70005	-26	0	2
	10	70005	-28	0	19
	10	70005	-30	0	13
	10	70005	-32	0	1
	10	70005	-35	0	1
	10	70005	-36	0	1
	10	70005	-37	0	19
	10	70005	-38	0	2
	10	70005	-4	0	798
	10	70005	-42	0	3
	10	70005	-45	0	19
	10	70005	-46	0	6
	10	70005	-47	0	1
	10	70005	-5	0	1222
	10	70005	-53	0	1
	10	70005	-55	0	45
	10	70005	-57	0	1
	10	70005	-58	0	1
	10	70005	-6	0	580
	10	70005	-60	0	6
	10	70005	-65	0	3
	10	70005	-68	0	3
	10	70005	-69	0	2
	10	70005	-7	0	886
	10	70005	-72	0	1
	10	70005	-74	0	13
	10	70005	-76	0	3
	10	70005	-8	0	387
	10	70005	-83	0	4
	10	70005	-9	0	654
	10	70005	-91	0	8
	10	70005	-92	0	4
	10	70005	0	-10	2
	10	70005	0	-12	1
	10	70005	0	-2	87
	10	70005	0	-4	28
	10	70005	0	-6	3
	10	70005	0	-8	7
	10	70005	0	0	4
	10	70005	0	10	1
	10	70005	0	12	1
	10	70005	0	2	1304
	10	70005	0	4	330
	10	70005	0	6	6
	10	70005	0	8	53
	10	70005	10	0	1
	10	70005	101	0	1
	10	70005	102	0	12
	10	70005	104	0	3
	10	70005	108	0	1
	10	70005	11	0	964
	10	70005	110	0	5
	10	70005	111	0	158
	10	70005	113	0	5
	10	70005	116	0	6
	10	70005	12	0	250
	10	70005	121	0	7
	10	70005	125	0	1
	10	70005	129	0	1
	10	70005	13	0	30
	10	70005	136	0	24
	10	70005	139	0	29
	10	70005	14	0	1673
	10	70005	142	0	4
	10	70005	148	0	6
	10	70005	15	0	715
	10	70005	151	0	1
	10	70005	157	0	1
	10	70005	16	0	35
	10	70005	166	0	61
	10	70005	17	0	11
	10	70005	170	0	3
	10	70005	173	0	8
	10	70005	174	0	13
	10	70005	18	0	943
	10	70005	181	0	56
	10	70005	185	0	7
	10	70005	19	0	41
	10	70005	194	0	7
	10	70005	2	0	19397
	10	70005	20	0	1
	10	70005	208	0	1
	10	70005	21	0	17
	10	70005	211	0	1
	10	70005	213	0	15
	10	70005	222	0	105
	10	70005	23	0	169
	10	70005	24	0	7
	10	70005	25	0	3
	10	70005	26	0	9
	10	70005	27	0	3
	10	70005	28	0	181
	10	70005	30	0	39
	10	70005	32	0	3
	10	70005	34	0	5
	10	70005	35	0	10
	10	70005	36	0	1
	10	70005	37	0	61
	10	70005	38	0	12
	10	70005	4	0	4451
	10	70005	42	0	16
	10	70005	45	0	130
	10	70005	46	0	47
	10	70005	47	0	1
	10	70005	49	0	1
	10	70005	5	0	7021
	10	70005	53	0	5
	10	70005	55	0	237
	10	70005	57	0	9
	10	70005	58	0	2
	10	70005	6	0	3770
	10	70005	60	0	13
	10	70005	64	0	1
	10	70005	65	0	3
	10	70005	68	0	17
	10	70005	69	0	35
	10	70005	7	0	6016
	10	70005	72	0	1
	10	70005	74	0	14
	10	70005	76	0	5
	10	70005	79	0	1
	10	70005	8	0	3596
	10	70005	83	0	49
	10	70005	9	0	5322
	10	70005	91	0	80
	10	70005	92	0	7
	10	70005	95	0	1
	10	70005	97	0	7
	10	70006	-10	0	176
	10	70006	-13	0	81
	10	70006	-16	0	12
	10	70006	-17	0	19
	10	70006	-18	0	4
	10	70006	-20	0	18
	10	70006	-21	0	1
	10	70006	-24	0	6
	10	70006	-26	0	5
	10	70006	-27	0	7
	10	70006	-3	0	153
	10	70006	-30	0	4
	10	70006	-31	0	1
	10	70006	-34	0	8
	10	70006	-42	0	2
	10	70006	-45	0	1
	10	70006	-5	0	104
	10	70006	-52	0	2
	10	70006	-6	0	1
	10	70006	-67	0	1
	10	70006	-7	0	162
	10	70006	-8	0	112
	10	70006	0	-12	1
	10	70006	0	-21	1
	10	70006	0	-3	2
	10	70006	0	12	1
	10	70006	0	15	1
	10	70006	0	3	289
	10	70006	0	6	1
	10	70006	10	0	1813
	10	70006	105	0	1
	10	70006	108	0	1
	10	70006	12	0	3
	10	70006	121	0	1
	10	70006	13	0	865
	10	70006	15	0	1
	10	70006	16	0	190
	10	70006	17	0	122
	10	70006	18	0	2
	10	70006	20	0	331
	10	70006	21	0	42
	10	70006	238	0	1
	10	70006	24	0	11
	10	70006	26	0	35
	10	70006	27	0	145
	10	70006	3	0	5865
	10	70006	31	0	2
	10	70006	33	0	4
	10	70006	34	0	61
	10	70006	36	0	1
	10	70006	40	0	7
	10	70006	42	0	4
	10	70006	45	0	2
	10	70006	5	0	1494
	10	70006	52	0	6
	10	70006	54	0	3
	10	70006	6	0	34
	10	70006	67	0	6
	10	70006	7	0	2583
	10	70006	71	0	1
	10	70006	72	0	2
	10	70006	8	0	947
	10	70006	81	0	1
	10	70006	84	0	1
	10	70006	9	0	1
	10	70007	-11	0	260
	10	70007	-12	0	23
	10	70007	-15	0	45
	10	70007	-18	0	46
	10	70007	-21	0	2
	10	70007	-22	0	40
	10	70007	-24	0	1
	10	70007	-26	0	4
	10	70007	-29	0	2
	10	70007	-3	0	25
	10	70007	-30	0	1
	10	70007	-33	0	1
	10	70007	-4	0	41
	10	70007	-44	0	2
	10	70007	-49	0	1
	10	70007	-55	0	1
	10	70007	-6	0	100
	10	70007	-7	0	169
	10	70007	-9	0	156
	10	70007	0	-4	1
	10	70007	0	-56	1
	10	70007	0	-9	1
	10	70007	0	12	1
	10	70007	0	18	2
	10	70007	0	3	13
	10	70007	0	4	21
	10	70007	0	6	1
	10	70007	0	8	1
	10	70007	0	9	7
	10	70007	11	0	1940
	10	70007	117	0	1
	10	70007	12	0	98
	10	70007	15	0	244
	10	70007	18	0	410
	10	70007	21	0	5
	10	70007	22	0	506
	10	70007	24	0	39
	10	70007	26	0	3
	10	70007	27	0	2
	10	70007	29	0	44
	10	70007	3	0	330
	10	70007	30	0	6
	10	70007	33	0	3
	10	70007	36	0	6
	10	70007	37	0	11
	10	70007	4	0	583
	10	70007	43	0	2
	10	70007	44	0	15
	10	70007	48	0	2
	10	70007	49	0	11
	10	70007	59	0	6
	10	70007	6	0	334
	10	70007	61	0	1
	10	70007	66	0	3
	10	70007	7	0	587
	10	70007	73	0	2
	10	70007	84	0	1
	10	70007	88	0	1
	10	70007	9	0	1221
	10	70008	-14	0	1
	10	70008	-7	0	9
	10	70008	14	0	17
	10	70008	21	0	2
	10	70008	7	0	127
	10	70009	-10	0	1
	10	70009	-20	0	1
	10	70009	0	10	1
	10	70009	0	12	4
	10	70009	0	20	1
	10	70009	10	0	104
	10	70009	13	0	175
	10	70009	152	0	1
	10	70009	20	0	12
	10	70009	25	0	30
	10	70009	30	0	1
	10	70009	38	0	4
	10	70009	40	0	1
	10	70009	51	0	3
	10	70011	-1	0	1
	10	70011	-2	0	1
	10	70011	-3	0	1
	10	70011	0	1	2
	10	70011	1	0	172
	10	70011	2	0	147
	10	70011	3	0	60
	10	70011	4	0	2
	10	70013	-11	0	30
	10	70013	-15	0	51
	10	70013	-22	0	9
	10	70013	-29	0	5
	10	70013	-30	0	31
	10	70013	-304	0	1
	10	70013	-33	0	1
	10	70013	0	11	5
	10	70013	0	22	5
	10	70013	0	30	1
	10	70013	107	0	2
	10	70013	11	0	3261
	10	70013	110	0	1
	10	70013	122	0	2
	10	70013	14	0	2
	10	70013	15	0	5492
	10	70013	152	0	1
	10	70013	22	0	1298
	10	70013	28	0	1
	10	70013	29	0	736
	10	70013	30	0	1745
	10	70013	33	0	161
	10	70013	335	0	1
	10	70013	42	0	1
	10	70013	44	0	102
	10	70013	45	0	6
	10	70013	46	0	193
	10	70013	55	0	11
	10	70013	59	0	20
	10	70013	61	0	47
	10	70013	66	0	2
	10	70013	74	0	9
	10	70013	76	0	14
	10	70013	77	0	1
	10	70013	88	0	4
	10	70013	91	0	3
	10	70014	-4	0	1
	10	70014	12	0	16
	10	70014	23	0	1
	10	70014	4	0	5
	10	70014	6	0	21
	10	70014	8	0	2
	10	70016	-116	0	2
	10	70016	-2877	0	1
	10	70016	-99	0	124
	10	70016	0	-111	2
	10	70016	0	107	1
	10	70016	0	111	12
	10	70016	0	116	1
	10	70016	0	119	2
	10	70016	107	0	18
	10	70016	111	0	13
	10	70016	116	0	15
	10	70016	119	0	1
	10	70016	198	0	93
	10	70016	2977	0	1
	10	70016	298	0	6
	10	70016	99	0	12772
	10	70017	15	0	2
	10	70017	59	0	1
	10	70022	1	0	1
	10	70037	1758	0	1
	10	70037	546	0	2
	10	70037	575	0	1
	10	70038	120	0	11
	10	70038	158	0	31
	10	70039	-116	0	2
	10	70039	-133	0	4
	10	70039	116	0	12
	10	70039	133	0	30
	10	70039	267	0	1
	10	70040	-133	0	1
	10	70040	116	0	1
	10	70040	133	0	4
	10	70047	-349	0	1
	10	70047	349	0	56
	10	70072	-36	0	2
	10	70072	36	0	130
	10	70072	71	0	12
	10	70073	-36	0	1
	10	70073	36	0	1
	10	70082	-15	0	48
	10	70082	-28	0	1
	10	70082	-29	0	86
	10	70082	-88	0	1
	10	70082	0	14	20
	10	70082	0	28	6
	10	70082	14	0	6
	10	70082	15	0	4981
	10	70082	176	0	1
	10	70082	27	0	83
	10	70082	28	0	14
	10	70082	29	0	8886
	10	70082	294	0	1
	10	70082	44	0	10
	10	70082	56	0	1
	10	70082	57	0	2
	10	70082	59	0	177
	10	70082	88	0	15
	10	70083	-12	0	1
	10	70083	-13	0	36
	10	70083	-16	0	1
	10	70083	-8	0	19
	10	70083	0	-12	3
	10	70083	0	-8	4
	10	70083	0	12	150
	10	70083	0	16	16
	10	70083	0	24	2
	10	70083	0	48	1
	10	70083	0	6	3
	10	70083	0	8	175
	10	70083	12	0	57
	10	70083	13	0	4158
	10	70083	16	0	235
	10	70083	25	0	466
	10	70083	33	0	15
	10	70083	38	0	61
	10	70083	41	0	1
	10	70083	50	0	13
	10	70083	63	0	10
	10	70083	76	0	4
	10	70083	8	0	2460
	10	70085	-13	0	5
	10	70085	-19	0	1
	10	70085	-25	0	1
	10	70085	-3	0	50
	10	70085	-38	0	1
	10	70085	-6	0	150
	10	70085	-66	0	1
	10	70085	0	12	1
	10	70085	0	3	13
	10	70085	0	6	2
	10	70085	12	0	3
	10	70085	13	0	670
	10	70085	16	0	4
	10	70085	19	0	258
	10	70085	25	0	228
	10	70085	3	0	3778
	10	70085	38	0	7
	10	70085	6	0	7006
	10	70085	66	0	1
	10	70085	76	0	1
	10	70085	9	0	306
	10	70158	0	27	7
	10	70158	0	29	9
	10	70202	0	996	1
	10	70260	38	0	1
	10	70261	115	0	2
	10	70261	29	0	7
	10	70261	58	0	9
	10	70261	87	0	12
	10	70265	12	0	2
	10	70265	16	0	2
	10	70266	-38	0	1
	10	70266	-54	0	1
	10	70266	0	36	4
	10	70266	0	52	3
	10	70266	107	0	1
	10	70266	19	0	25
	10	70266	26	0	2
	10	70266	27	0	50
	10	70266	38	0	223
	10	70266	53	0	4
	10	70266	54	0	371
	10	70266	80	0	2
	10	70280	0	165	1
	10	70280	0	55	1
	10	70415	-646	0	12
	10	70415	1292	0	1
	10	70415	20018	0	1
	10	70415	646	0	414
	10	70416	-1470	0	43
	10	70416	1470	0	264
	10	70416	2940	0	1
	10	70417	-242	0	1
	10	70417	242	0	139
	10	70417	483	0	2
	10	70417	966	0	1
	10	70418	-23	0	105
	10	70418	-277	0	1
	10	70418	-46	0	5
	10	70418	139	0	1
	10	70418	23	0	3294
	10	70418	231	0	1
	10	70418	26	0	1
	10	70418	277	0	1
	10	70418	46	0	60
	10	70418	69	0	6
	10	70418	92	0	2
	10	70421	-1470	0	14
	10	70421	1470	0	64
	10	70422	-861	0	26
	10	70422	861	0	78
	10	70709	221	0	5
	10	70709	315	0	1
	10	70709	441	0	1
	10	70720	2409	0	2
	10	70721	2408	0	2
	10	70721	2409	0	1
	10	70724	2166	0	1
	10	70727	107	0	1
	10	70727	2142	0	1
	10	70729	109	0	1
	10	70806	-12	0	2
	10	70806	12	0	47
	10	70806	13	0	3
	10	70806	20	0	1
	10	70806	25	0	1
	10	70806	7	0	29
	10	70811	-249	0	9
	10	70811	0	264	1
	10	70811	243	0	3
	10	70811	249	0	433
	10	70811	264	0	2
	10	70811	498	0	10
	10	70815	126	0	3
	10	70815	63	0	29
	10	70835	210	0	3
	10	70835	323	0	1
	10	70887	-197	0	4
	10	70887	-94	0	1
	10	70887	-99	0	42
	10	70887	0	-94	2
	10	70887	0	94	5
	10	70887	188	0	2
	10	70887	197	0	77
	10	70887	296	0	10
	10	70887	395	0	3
	10	70887	470	0	1
	10	70887	592	0	1
	10	70887	94	0	52
	10	70887	99	0	5156
	10	70905	1470	0	4
	10	70905	2205	0	7
	10	70905	735	0	1
	10	70944	3047	0	1
	10	70945	8757	0	3
	10	70963	2919	0	1
	10	70973	27617	0	2
	10	70989	0	42	1
	10	70989	107	0	1
	10	70989	36	0	45
	10	70989	71	0	10
	10	70990	0	240	1
	10	70990	252	0	40
	10	70996	483	0	1
	10	71028	628	0	2
	10	71258	628	0	2
	10	71502	-1462	0	2
	10	71502	1462	0	36
	10	71502	1568	0	4
	10	71503	194	0	32
	10	71503	389	0	2
	10	71724	0	690	1
	10	71724	318	0	1
	10	71724	331	0	248
	10	71726	1460	0	15
	10	71726	2919	0	4
	10	71727	0	860	1
	10	71727	809	0	42
	10	71761	1470	0	9
	10	71761	2205	0	9
	10	71761	735	0	39
	10	71770	107	0	16
	10	71771	214	0	1
	10	71778	273	0	24
	10	71783	1029	0	5
	10	71783	874	0	2
	10	71787	1722	0	4
	10	71787	861	0	49
	10	74030	893	0	2
	10	74507	2460	0	2
	10	74580	1841	0	4
	10	75115	1050	0	2
	10	75115	907	0	1
	10	75124	2582	0	22
	10	75125	3263	0	1
	10	75133	368	0	2
	10	75138	0	600	1
	10	75138	0	650	1
	10	75302	-665	0	2
	10	75302	665	0	10
	10	75336	297	0	19
	10	75338	179	0	4
	10	75339	179	0	5
	10	75605	0	2460	2
	10	75605	0	2665	1
	10	75606	0	10800	1
	10	75606	0	2160	6
	10	75606	0	2340	1
	10	75606	0	4320	1
	10	75606	0	4680	4
	10	75607	0	2456	1
	10	75612	420	0	3
	10	75617	0	14817	1
	10	75617	0	4939	1
	10	75619	0	1170	1
	10	75620	336	0	35
	10	75623	0	4272	1
	10	75624	2386	0	22
	10	75628	2523	0	1
	10	75629	5456	0	1
	10	75660	0	1521	1
	10	75666	0	5054	1
	10	75667	0	30975	1
	10	75669	0	24000	30
	10	75669	0	26000	49
	10	75669	0	28000	5
	10	75670	0	24750	1
	10	75722	1903	0	16
	10	75722	1991	0	1
	10	75722	2854	0	1
	10	75722	951	0	22
	10	75723	525	0	1
	10	75808	5710	0	1
	10	75892	9946	0	1
	10	75914	0	1600	1
	10	75914	0	400	1
	10	75914	0	412	1
	10	75914	0	444	1
	10	75914	0	800	1
	10	75914	420	0	3
	10	75915	-258	0	1
	10	75915	0	-123	1
	10	75915	0	123	6
	10	75915	0	246	2
	10	75915	0	492	1
	10	75915	129	0	4
	10	75915	258	0	1
	10	75915	517	0	1
	10	75916	45	0	1
	10	75916	90	0	1
	10	75917	-809	0	1
	10	75917	0	55	2
	10	75917	116	0	6
	10	75917	173	0	1
	10	75917	289	0	1
	10	75917	58	0	364
	10	75917	809	0	1
	10	75919	0	767	1
	10	75965	-854	0	1
	10	75965	1050	0	9
	10	75965	2100	0	1
	10	75965	285	0	22
	10	75965	525	0	26
	10	75965	569	0	5
	10	75965	854	0	1
	10	76285	23	0	2
	10	76304	6405	0	1
	10	76305	1260	0	2
	10	76306	2520	0	1
	10	76307	2179	0	2
	10	76312	1260	0	3
	10	76313	3014	0	2
	10	76314	2436	0	3
	10	76319	3675	0	2
	10	76319	7350	0	1
	10	76331	-14	0	1
	10	76331	14	0	5
	10	76331	27	0	8
	10	76331	41	0	21
	10	76331	55	0	1
	10	76354	4303	0	2
	10	76373	8210	0	1
	10	76375	3660	0	3
	10	76387	13661	0	1
	10	76396	1260	0	6
	10	76399	630	0	24
	10	76505	0	1853	2
	10	76505	1565	0	472
	10	76506	-380	0	1
	10	76506	380	0	3
	10	76513	-546	0	1
	10	76513	461	0	2
	10	76513	546	0	4
	10	76526	1365	0	2
	10	76526	387	0	11
	10	76526	668	0	1
	10	76526	683	0	9
	10	76526	775	0	3
	10	76534	-1008	0	1
	10	76534	-202	0	44
	10	76534	-403	0	1
	10	76534	0	-202	2
	10	76534	0	-219	1
	10	76534	0	175	1
	10	76534	0	202	107
	10	76534	0	219	76
	10	76534	0	235	5
	10	76534	1008	0	2
	10	76534	202	0	2657
	10	76534	219	0	5
	10	76534	403	0	174
	10	76534	605	0	6
	10	76534	806	0	1
	10	76542	-1365	0	2
	10	76542	-387	0	1
	10	76542	-683	0	2
	10	76542	-775	0	2
	10	76542	1337	0	1
	10	76542	1365	0	65
	10	76542	2048	0	2
	10	76542	2712	0	1
	10	76542	387	0	138
	10	76542	668	0	4
	10	76542	683	0	307
	10	76542	775	0	27
	10	76543	-297	0	6
	10	76543	-594	0	1
	10	76543	0	420	2
	10	76543	297	0	274
	10	76543	420	0	1
	10	76543	594	0	3
	10	76544	-1499	0	2
	10	76544	-1701	0	2
	10	76544	-3402	0	1
	10	76544	-5103	0	1
	10	76544	0	1719	2
	10	76544	1499	0	260
	10	76544	1691	0	2
	10	76544	1701	0	522
	10	76544	2999	0	4
	10	76544	3402	0	10
	10	76544	5103	0	1
	10	76549	-2000	0	1
	10	76549	-2048	0	1
	10	76549	2000	0	1
	10	76549	2048	0	1
	10	76560	400	0	13
	10	76560	420	0	52
	10	76568	32	0	6
	10	76568	63	0	12
	10	76568	64	0	1
	10	76701	0	3575	1
	10	77030	420	0	1
	10	77030	630	0	1
	10	77061	1323	0	3
	10	77061	1544	0	1
	10	77061	1764	0	1
	10	77061	1985	0	1
	10	77061	882	0	5
	10	77152	379	0	2
	10	77178	179	0	1
	10	77178	89	0	1
	10	77198	38177	0	1
	10	77207	1633	0	1
	10	77234	2289	0	4
	10	77498	1250	0	1
	10	77717	252	0	1
	10	77717	84	0	2
	10	77837	1197	0	1
	10	77837	200	0	1
	10	77837	399	0	2
	10	77848	0	-1235	1
	10	77848	0	1235	4
	10	77848	0	2470	1
	10	77873	0	355	11
	10	77873	0	385	17
	10	77873	0	414	3
	10	77874	0	114	2
	10	77874	0	228	1
	10	77875	0	144	6
	10	77875	0	156	1
	10	77876	0	146	6
	10	77876	0	159	16
	10	77876	0	171	1
	10	77900	6300	0	1
	10	77901	6300	0	1
	10	77919	8497	0	2
	10	77919	8922	0	4
	10	77987	24	0	1
	10	77988	210	0	1
	10	77988	333	0	1
	10	77988	334	0	1
	10	78007	-328	0	2
	10	78007	164	0	111
	10	78007	328	0	30
	10	78008	133	0	12
	10	78008	267	0	2
	10	78110	1638	0	1
	10	78110	2048	0	1
	10	78110	2457	0	10
	10	78110	2867	0	1
	10	78110	3276	0	1
	10	78110	3686	0	1
	10	78110	410	0	2
	10	78110	5324	0	1
	10	78110	5733	0	1
	10	78111	-2457	0	1
	10	78111	2457	0	1
	10	78121	1267	0	4
	10	78121	2535	0	1
	10	78127	1365	0	5
	10	78131	1579	0	7
	10	78131	3158	0	1
	10	78161	4523	0	1
	10	78166	3050	0	1
	10	92602815	-555	0	1
	10	92602815	555	0	26
	10	92602815	735	0	1
	10	92671258	-628	0	1
	10	92671258	628	0	19
	10	992MO122	0	15000	1
	10	992OS102	0	1200	1
	10	992OS302	0	500	2
	10	992OS304	0	2665	7
	10	992OS611	0	3750	13
	10	992OS612	0	3500	4
	10	992OS615	0	6000	2
	10	992P4067	0	1250	1
	10	992SO606	0	1150	1
	10	M7000201	6	0	6
	10	M7000401	2	0	1
	10	M7000601	-5	0	1
	10	M7000601	10	0	5
	10	M7000601	13	0	1
	10	M7000601	3	0	811
	10	M7000601	5	0	75
	10	M7000601	6	0	10
	10	M7000601	7	0	65
	10	M7000601	8	0	2
	10	M7000602	-2	0	2
	10	M7000602	2	0	308
	10	M7000602	4	0	30
	10	M7000602	5	0	29
	10	M7000602	9	0	1
	10	M7000603	2	0	1
	10	M7000603	3	0	4
	10	M7000603	6	0	2
	10	M7000606	3	0	3
	10	M7000606	9	0	1
	10	M7000701	4	0	2
	10	M7000820	3	0	3
	10	M7000820	4	0	8
	10	M7000830	-14	0	1
	10	M7000830	14	0	108
	10	M7000830	21	0	4
	10	M7000830	7	0	148
	10	M7001041	-147	0	32
	10	M7001041	-294	0	5
	10	M7001041	-74	0	1106
	10	M7001041	-82	0	3
	10	M7001041	-88	0	4
	10	M7001041	0	-76	2
	10	M7001041	0	-82	2
	10	M7001041	0	0	1
	10	M7001041	0	164	1
	10	M7001041	0	176	1
	10	M7001041	0	66	1
	10	M7001041	0	70	2
	10	M7001041	0	76	81
	10	M7001041	0	82	89
	10	M7001041	0	88	16
	10	M7001041	147	0	317
	10	M7001041	152	0	1
	10	M7001041	221	0	2
	10	M7001041	294	0	5
	10	M7001041	74	0	10587
	10	M7001041	76	0	9
	10	M7001041	82	0	64
	10	M7001041	88	0	23
	10	M7001042	-74	0	132
	10	M7001042	0	-76	1
	10	M7001042	0	76	4
	10	M7001042	147	0	2
	10	M7001042	74	0	1004
	10	M7001043	-141	0	34
	10	M7001043	-157	0	1
	10	M7001043	-281	0	1
	10	M7001043	0	-157	3
	10	M7001043	0	126	1
	10	M7001043	0	135	2
	10	M7001043	0	145	23
	10	M7001043	0	157	84
	10	M7001043	0	169	17
	10	M7001043	141	0	3172
	10	M7001043	145	0	3
	10	M7001043	157	0	26
	10	M7001043	169	0	3
	10	M7001043	281	0	73
	10	M7001043	290	0	1
	10	M7001043	314	0	1
	10	M7001043	422	0	2
	10	M7001044	-53	0	4
	10	M7001044	53	0	4
	10	M7001045	0	-66	1
	10	M7001045	0	-76	1
	10	M7001045	0	-82	27
	10	M7001045	0	-88	17
	10	M7001045	0	164	2
	10	M7001045	0	66	5
	10	M7001045	0	70	4
	10	M7001045	0	76	27
	10	M7001045	0	82	301
	10	M7001045	0	88	90
	10	M7001045	82	0	1
	10	M7001046	0	-76	2
	10	M7001046	0	-88	1
	10	M7001046	0	76	3
	10	M7001046	0	82	2
	10	M7001046	0	88	4
	10	M7001401	-6	0	1
	10	M7001401	6	0	5
	10	M7001601	-71	0	43
	10	M7001601	0	68	2
	10	M7001601	143	0	18
	10	M7001601	214	0	1
	10	M7001601	68	0	15
	10	M7001601	71	0	3484
	10	M7001701	0	12	2
	10	M7001701	0	13	1
	10	M7001701	10	0	178
	10	M7001701	14	0	2
	10	M7001701	15	0	293
	10	M7001701	20	0	56
	10	M7001701	29	0	70
	10	M7001701	30	0	6
	10	M7001701	40	0	2
	10	M7001701	44	0	10
	10	M7001701	59	0	6
	10	M7001701	74	0	1
	10	M7001702	0	12	1
	10	M7001702	10	0	52
	10	M7001702	14	0	2
	10	M7001702	15	0	72
	10	M7001702	20	0	8
	10	M7001702	29	0	20
	10	M7001702	30	0	1
	10	M7001702	40	0	1
	10	M7001702	44	0	3
	10	M7001702	59	0	1
	10	M7001702	74	0	1
	10	M7001703	10	0	1
	10	M7001703	15	0	3
	10	M7001709	29	0	6
	10	M7001709	34	0	15
	10	M7001709	68	0	1
	10	M7001710	29	0	2
	10	M7001721	136	0	1
	10	M7001721	29	0	2
	10	M7001721	34	0	10
	10	M7001721	68	0	2
	10	M7001721	87	0	1
	10	M7001722	-29	0	1
	10	M7001722	-34	0	5
	10	M7001722	-68	0	1
	10	M7001722	101	0	1
	10	M7001722	102	0	4
	10	M7001722	115	0	3
	10	M7001722	170	0	2
	10	M7001722	202	0	1
	10	M7001722	29	0	162
	10	M7001722	34	0	165
	10	M7001722	58	0	26
	10	M7001722	68	0	33
	10	M7001722	87	0	10
	10	M7001724	102	0	4
	10	M7001724	136	0	2
	10	M7001724	29	0	7
	10	M7001724	34	0	18
	10	M7001724	58	0	2
	10	M7001724	68	0	2
	10	M7001724	87	0	1
	10	M7001731	34	0	2
	10	M7001731	68	0	1
	10	M7001732	170	0	1
	10	M7001732	29	0	13
	10	M7001732	34	0	15
	10	M7001732	58	0	2
	10	M7001732	68	0	1
	10	M7001930	14	0	1
	10	M7001950	-102	0	1
	10	M7001950	-38	0	1
	10	M7001950	-64	0	3
	10	M7001950	100	0	2
	10	M7001950	101	0	1
	10	M7001950	102	0	501
	10	M7001950	112	0	21
	10	M7001950	120	0	9
	10	M7001950	127	0	12
	10	M7001950	30	0	8
	10	M7001950	38	0	52
	10	M7001950	50	0	355
	10	M7001950	60	0	2
	10	M7001950	63	0	3
	10	M7001950	64	0	796
	10	M7001950	70	0	1
	10	M7001950	75	0	4
	10	M7001950	80	0	253
	10	M7001950	96	0	6
	10	M7001960	-945	0	4
	10	M7001960	0	1006	2
	10	M7001960	945	0	25
	10	M7001961	-10	0	6
	10	M7001961	-13	0	10
	10	M7001961	-20	0	2
	10	M7001961	-25	0	8
	10	M7001961	-38	0	1
	10	M7001961	10	0	1480
	10	M7001961	100	0	1
	10	M7001961	12	0	1
	10	M7001961	13	0	1426
	10	M7001961	20	0	692
	10	M7001961	24	0	1
	10	M7001961	25	0	1059
	10	M7001961	26	0	1
	10	M7001961	30	0	37
	10	M7001961	38	0	75
	10	M7001961	51	0	3
	10	M7001961	70	0	4
	10	M7002223	1	0	2
	10	M7002501	-78	0	5
	10	M7002501	155	0	1
	10	M7002501	78	0	301
	10	M7004001	-76	0	23
	10	M7004001	76	0	397
	10	M7004003	-76	0	18
	10	M7004003	151	0	1
	10	M7004003	227	0	1
	10	M7004003	76	0	431
	10	M7004009	116	0	7
	10	M7004009	133	0	6
	10	M7004775	349	0	1
	10	M7008202	-74	0	1
	10	M7008202	144	0	1
	10	M7008202	147	0	3
	10	M7008202	45	0	55
	10	M7008202	74	0	45
	10	M7008202	91	0	1
	10	M7008301	-13	0	1
	10	M7008301	-25	0	1
	10	M7008301	-8	0	1
	10	M7008301	0	10	1
	10	M7008301	0	9	1
	10	M7008301	12	0	3
	10	M7008301	13	0	139
	10	M7008301	16	0	3
	10	M7008301	25	0	3
	10	M7008301	8	0	186
	10	M7008301	9	0	1
	10	M7010101	0	139	1
	10	M7010101	0	150	1
	10	M7020000	0	17	9
	10	M7020000	0	18	70
	10	M7020000	0	20	11
	10	M7020000	0	34	4
	10	M7020000	0	36	12
	10	M7020000	0	51	3
	10	M7020000	0	54	3
	10	M7020000	0	60	1
	10	M7020000	0	68	1
	10	M7020000	0	90	1
	10	M7020001	0	-25	1
	10	M7020001	0	22	1
	10	M7020001	0	23	9
	10	M7020001	0	25	145
	10	M7020001	0	27	25
	10	M7020001	0	46	1
	10	M7020001	0	50	2
	10	M7020001	0	54	1
	10	M7020001	0	75	1
	10	M7026503	-12	0	1
	10	M7026503	12	0	24
	10	M7026503	16	0	4
	10	M7026503	23	0	1
	10	M7030645	0	1554	1
	10	M7070107	389	0	1
	10	M7070110	285	0	3
	10	M7070113	285	0	1
	10	M7071901	243	0	1
	10	M7071936	0	242	1
	10	M7077116	116	0	1
	10	M7077116	162	0	1
	10	M7077120	100	0	1
	10	M7077120	120	0	1
	10	M7077120	399	0	1
	10	M7077120	40	0	2
	10	M7077120	80	0	1
	10	M7077124	125	0	1
	10	M7077124	179	0	3
	10	M7077124	18	0	1
	10	M7080101	0	294	1
	10	M7080101	0	338	9
	10	M7080101	0	367	5
	10	M7080612	-7	0	1
	10	M7080612	12	0	36
	10	M7080612	13	0	13
	10	M7080612	20	0	1
	10	M7080612	25	0	19
	10	M7080612	26	0	1
	10	M7080612	37	0	1
	10	M7080612	7	0	39
	10	M7080660	-12	0	1
	10	M7080660	0	14	1
	10	M7080660	0	8	1
	10	M7080660	12	0	225
	10	M7080660	13	0	10
	10	M7080660	20	0	1
	10	M7080660	25	0	14
	10	M7080660	7	0	209
	10	M7080685	12	0	49
	10	M7080685	7	0	23
	10	M7080712	-12	0	1
	10	M7080712	12	0	21
	10	M7080712	25	0	4
	10	M7080760	-12	0	4
	10	M7080760	12	0	126
	10	M7080760	25	0	13
	10	M7080790	12	0	7
	10	M7081822	-168	0	1
	10	M7081822	168	0	41
	10	M7081822	84	0	157
	10	M7081982	0	664	1
	10	M7081982	1785	0	1
	10	M7081982	697	0	140
	10	M7081982	883	0	2
	10	M7081982	893	0	283
	10	M7083901	-116	0	2
	10	M7083901	-133	0	3
	10	M7083901	116	0	91
	10	M7083901	133	0	110
	10	M7083901	267	0	1
	10	M7087815	0	55	6
	10	M7087815	116	0	1
	10	M7087815	58	0	18
	10	M7088702	-99	0	2
	10	M7088702	99	0	7
	10	M7088704	99	0	5
	10	M7088707	-99	0	3
	10	M7088707	0	94	1
	10	M7088707	197	0	4
	10	M7088707	296	0	1
	10	M7088707	94	0	1
	10	M7088707	99	0	234
	10	M7090006	3014	0	1
	10	M7090035	0	19750	1
	10	M709003A	15750	0	1
	10	M7090041	15711	0	2
	10	M7090050	0	15000	1
	10	M7090052	0	60950	1
	10	M7090054	0	60950	1
	10	M7090056	27212	0	3
	10	M7090069	0	74750	1
	10	M7090078	0	1105	1
	10	M70900B4	41874	82020	1
	10	M70900B5	20937	45610	1
	10	M7090512	12226	0	2
	10	M7090512	6113	0	3
	10	M7090902	6798	0	1
	10	M7091001	0	1356	1
	10	M7091004	0	1040	6
	10	M7091004	0	960	4
	10	M7091501	3014	0	4
	10	M7091501	6027	0	3
	10	M7091503	3360	0	1
	10	M7091505	3360	0	1
	10	M7091G01	3014	0	1
	10	M7091H07	7185	0	1
	10	M7091H07	8757	0	1
	10	M7091X04	1831	0	2
	10	M7091X04	2150	0	2
	10	M7091X04	4301	0	1
	10	M7092606	276	0	15
	10	M7092606	552	0	11
	10	M7093701	683	0	1
	10	M7094903	7185	0	1
	10	M7094906	7185	0	2
	10	M7098854	7185	0	1
	10	M7099002	252	0	2
	10	M709AS02	29589	0	3
	10	M709AS08	14795	0	3
	10	M709AU85	-987	0	1
	10	M709AU85	987	0	2
	10	M709BZ05	1470	0	2
	10	M709BZ05	2205	0	8
	10	M709BZ06	1470	0	4
	10	M709BZ06	2940	0	1
	10	M709BZ06	735	0	3
	10	M709CB01	158	0	2
	10	M709CB02	134	0	10
	10	M709CB02	158	0	4
	10	M709CK01	17108	0	1
	10	M709CK02	0	56625	2
	10	M709CT01	2150	0	4
	10	M709CT02	1831	0	3
	10	M709CT02	2150	0	2
	10	M709D005	1325	0	4
	10	M709D005	1418	0	8
	10	M709D005	2835	0	1
	10	M709DF02	12474	0	2
	10	M709E706	1831	0	1
	10	M709HX03	17108	0	1
	10	M709HX03	34215	0	1
	10	M709JP03	0	16293	1
	10	M709JP03	0	19940	2
	10	M709KU01	17514	0	1
	10	M709KU01	7185	0	1
	10	M709KU05	8757	0	1
	10	M709KU07	7185	0	1
	10	M709KV03	17108	0	1
	10	M709LF01	0	72000	1
	10	M709LN04	8757	0	2
	10	M709LN05	26271	0	1
	10	M709LN05	7185	0	3
	10	M709PM07	75570	0	1
	10	M709PMS1	0	10800	2
	10	M709PMS1	0	11700	1
	10	M7100005	4725	0	1
	10	M7100006	-665	0	1
	10	M7100006	665	0	4
	10	M7100007	0	3510	1
	10	M7100008	0	5050	1
	10	M7100016	0	65400	2
	10	M7100016	0	69125	1
	10	M7100030	-13	0	1
	10	M7100030	-188	0	1
	10	M7100030	-3	0	1
	10	M7100030	-7	0	5
	10	M7100030	10	0	27
	10	M7100030	108	0	1
	10	M7100030	13	0	22
	10	M7100030	141	0	1
	10	M7100030	188	0	3
	10	M7100030	20	0	1
	10	M7100030	24	0	1
	10	M7100030	27	0	1
	10	M7100030	3	0	128
	10	M7100030	47	0	4
	10	M7100030	67	0	2
	10	M7100030	7	0	33
	10	M7100030	94	0	4
	10	M7100034	0	420000	1
	10	M7100036	10	0	9
	10	M7100036	101	0	1
	10	M7100036	108	0	1
	10	M7100036	13	0	30
	10	M7100036	168	0	2
	10	M7100036	17	0	1
	10	M7100036	188	0	1
	10	M7100036	3	0	29
	10	M7100036	7	0	30
	10	M7100036	94	0	2
	10	M7102815	1666	0	2
	10	M7102815	2222	0	1
	10	M7102815	555	0	30
	10	M7115405	13894	0	1
	10	M7115405	6947	0	4
	10	M7120001	0	-1080	1
	10	M7120001	0	1080	3
	10	M7150001	1462	0	1
	10	M7153301	-5670	0	3
	10	M7153301	5670	0	25
	10	M7153301	62370	0	1
	10	M7153307	-5670	0	1
	10	M7153307	5670	0	9
	10	M7170003	0	12240	1
	10	M7170003	0	6120	1
	10	M7170003	0	6630	1
	10	M7170003	0	7140	1
	10	M7170013	273	0	3
	10	M7170014	0	624	3
	10	M7170014	0	676	2
	10	M7170018	0	1440	5
	10	M7170018	0	1560	1
	10	M7170018	0	1680	1
	10	M7170019	331	0	1
	10	M7170020	478	0	340
	10	M7170020	520	0	1
	10	M7170023	0	36000	9
	10	M7170023	0	38500	9
	10	M7170023	0	41500	2
	10	M7170024	0	3000	2
	10	M7170024	0	3250	4
	10	M7170024	0	3500	1
	10	M7170041	1838	0	1
	10	M7170048	294	0	719
	10	M7170048	364	0	1
	10	M7170056	0	52250	1
	10	M7170056	0	54000	1
	10	M7170056	0	57250	3
	10	M7170062	0	68388	3
	10	M7170062	0	72238	2
	10	M7170062	0	77208	1
	10	M7170063	0	17990	1
	10	M7170063	0	19740	1
	10	M7170063	0	35980	2
	10	M7170063	0	59220	1
	10	M7170063	0	63144	1
	10	M7170065	8757	0	1
	10	M7170066	-1575	0	1
	10	M7170066	0	1534	1
	10	M7170066	1575	0	590
	10	M7170066	3150	0	3
	10	M7170067	3203	0	19
	10	M7170072	0	1500	1
	10	M7170072	1575	0	27
	10	M7170073	0	800	1
	10	M7170073	1260	0	1
	10	M7170073	315	0	2
	10	M7170073	420	0	100
	10	M7170073	840	0	5
	10	M7170078	0	96500	1
	10	M7170084	161	0	30
	10	M7170084	321	0	2
	10	M7170085	0	115500	1
	10	M7170088	0	44750	1
	10	M7170119	13112	0	3
	10	M7170119	9834	0	2
	10	M7170122	16391	0	1
	10	M7170122	6556	0	1
	10	M7170126	0	11700	1
	10	M7170127	0	73500	1
	10	M7170138	0	3245	1
	10	M7170138	19669	0	1
	10	M7170138	3278	0	1
	10	M7170602	7269	0	4
	10	M7170801	4883	0	1
	10	M7170804	4883	0	1
	10	M7171006	0	378	1
	10	M7171006	330	0	11
	10	M7171006	503	0	18
	10	M7171010	1006	0	1
	10	M7171010	330	0	9
	10	M7171010	503	0	16
	10	M7171011	7812	0	1
	10	M7171014	15711	0	2
	10	M7171903	0	256	3
	10	M7171A52	18339	0	1
	10	M7171A52	6113	0	1
	10	M7173000	1995	0	2
	10	M7173000	2993	0	1
	10	M7173000	998	0	3
	10	M7173016	3150	0	1
	10	M7175101	1741	0	7
	10	M7175101	870	0	48
	10	M7175301	1783	0	5
	10	M7175301	3566	0	1
	10	M7177503	642	0	185
	10	M7177503	711	0	1
	10	M7177503	714	0	2
	10	M7177514	665	0	3
	10	M7177602	36500	0	1
	10	M7178002	30038	0	1
	10	M7178101	1806	0	1
	10	M7178101	2100	0	3
	10	M7178101	3612	0	1
	10	M7178102	-1806	0	1
	10	M7178102	1806	0	141
	10	M7178102	2086	0	2
	10	M7178102	2100	0	211
	10	M7178901	0	15850	1
	10	M7178901	15711	0	1
	10	M7179002	1120	0	1
	10	M7179002	1229	0	5
	10	M7310006	0	6110	1
	10	M7310015	0	33000	1
	10	M7310050	0	1820	1
	10	M7310053	0	6110	1
	10	M7370029	0	11200	1
	10	M7370029	0	6240	1
	10	M7370029	0	7200	87
	10	M7370029	0	7800	111
	10	M7370046	6113	0	1
	10	M7370049	22785	0	1
	10	M7370051	126	0	9
	10	M7370051	129	0	3
	10	M7370051	252	0	8
	10	M7370051	64	0	6
	10	M7370061	24990	0	2
	10	M7370601	-1825	0	1
	10	M7370601	1825	0	3
	10	M7400005	0	2106	1
	10	M7400005	0	702	13
	10	M7400005	0	756	5
	10	M7400010	0	5760	1
	10	M7400010	0	6720	1
	10	M7400011	0	2760	1
	10	M7400011	0	3220	1
	10	M7400027	0	2860	1
	10	M7450006	2985	21882	1
	10	M7450703	2985	0	2
	10	M7454601	2881	0	1
	10	M7454601	2985	0	1
	10	M7458002	1874	0	1
	10	M7458004	1874	0	1
	10	M7458004	2314	0	2
	10	M7510008	0	1456	2
	10	M7510008	0	1568	1
	10	M7510008	0	1680	153
	10	M7510008	0	1820	223
	10	M7510008	0	1960	35
	10	M7510008	0	3360	1
	10	M7510008	0	3640	5
	10	M7510008	0	5040	2
	10	M7510008	0	5460	2
	10	M7510008	0	5880	2
	10	M7510008	0	7840	1
	10	M7510010	0	5110	4
	10	M7510030	0	-16000	1
	10	M7510030	0	-57600	1
	10	M7510030	0	16000	1
	10	M7510030	0	48000	1
	10	M7510030	0	57600	1
	10	M7510042	0	4160	1
	10	M7510045	-25725	0	1
	10	M7510045	-5145	0	2
	10	M7510045	0	-30975	1
	10	M7510045	0	12390	1
	10	M7510045	0	30975	1
	10	M7510045	10290	0	56
	10	M7510045	15435	0	37
	10	M7510045	20580	0	19
	10	M7510045	25725	0	10
	10	M7510045	30870	0	8
	10	M7510045	36015	0	2
	10	M7510045	41160	0	1
	10	M7510045	5145	0	75
	10	M7510045	61740	0	2
	10	M7510060	0	37685	1
	10	M7510060	12508	0	36
	10	M7510060	12516	0	3
	10	M7510060	18761	0	33
	10	M7510060	18773	0	1
	10	M7510060	25015	0	24
	10	M7510060	25031	0	5
	10	M7510060	31269	0	20
	10	M7510060	31289	0	2
	10	M7510060	37523	0	13
	10	M7510060	37548	0	1
	10	M7510060	43777	0	14
	10	M7510060	43805	0	2
	10	M7510060	50030	0	3
	10	M7510060	50062	0	2
	10	M7510060	56284	0	1
	10	M7510060	56320	0	1
	10	M7510060	56322	0	2
	10	M7510060	6254	0	41
	10	M7510060	6258	0	1
	10	M7510060	68792	0	1
	10	M7510060	75096	0	1
	10	M7510068	0	480	2
	10	M7510068	0	520	13
	10	M7510068	0	560	2
	10	M7510075	2251	0	1
	10	M7510079	3263	0	1
	10	M7510083	0	1820	1
	10	M7510091	0	28000	1
	10	M7510130	-4200	0	2
	10	M7510130	0	-5054	1
	10	M7510130	0	0	2
	10	M7510130	0	5054	2
	10	M7510130	12600	0	44
	10	M7510130	16800	0	25
	10	M7510130	21000	0	6
	10	M7510130	25200	0	1
	10	M7510130	29400	0	2
	10	M7510130	4200	0	41
	10	M7510130	8400	0	46
	10	M7511300	-9839	0	1
	10	M7511300	9839	0	12
	10	M7511302	9839	0	1
	10	M7511303	-10889	0	1
	10	M7511303	10889	0	49
	10	M7512162	221	0	9
	10	M7512162	315	0	10
	10	M7512162	441	0	1
	10	M7512162	630	0	1
	10	M7512163	285	0	1
	10	M7512163	569	0	1
	10	M7512190	285	0	9
	10	M7512190	357	0	10
	10	M7512190	569	0	1
	10	M7512190	714	0	1
	10	M7513304	483	0	12
	10	M7513305	368	0	12
	10	M7513305	735	0	1
	10	M7513406	1040	0	10
	10	M7513406	874	0	5
	10	M7514219	0	27	1
	10	M7514231	0	582	17
	10	M7514231	0	631	24
	10	M7514231	0	679	6
	10	M7514245	-4186	0	2
	10	M7514245	-5582	0	1
	10	M7514245	0	1521	2
	10	M7514245	1395	0	335
	10	M7514245	2791	0	40
	10	M7514245	4186	0	5
	10	M7514245	5582	0	1
	10	M7530005	0	18000	83
	10	M7530005	0	19750	99
	10	M7530005	0	21250	24
	10	M7530007	0	4160	1
	10	M7530008	0	4290	1
	10	M7530013	0	2160	6
	10	M7530013	0	2340	10
	10	M7530013	0	2520	1
	10	M7530013	0	4680	1
	10	M7530014	0	7020	1
	10	M7530016	0	1040	1
	10	M7530016	0	1068	1
	10	M7530027	0	-9000	1
	10	M7530027	0	18000	2
	10	M7530027	0	19500	1
	10	M7530027	0	36000	1
	10	M7530027	0	39000	1
	10	M7530027	0	9000	8
	10	M7530027	0	9750	2
	10	M7530028	0	-9750	1
	10	M7530028	0	19500	1
	10	M7530028	0	9000	7
	10	M7530028	0	9750	5
	10	M7530037	0	22920	1
	10	M7530037	0	24875	1
	10	M7530045	0	88200	1
	10	M7530052	-6491	0	1
	10	M7530052	0	3575	2
	10	M7530052	16228	0	1
	10	M7530052	3246	0	378
	10	M7530052	6491	0	1
	10	M7530059	1783	0	2
	10	M7530067	1675	0	4
	10	M7530069	1003	0	2
	10	M7530070	3246	0	33
	10	M7530074	1675	0	7
	10	M7530074	3350	0	2
	10	M7530085	174	0	1
	10	M7530085	349	0	1
	10	M7530089	0	840	4
	10	M7530091	12600	0	1
	10	M7530091	4200	0	14
	10	M7530091	8400	0	3
	10	M7530092	15435	0	1
	10	M7530092	5145	0	12
	10	M7530093	10290	0	2
	10	M7530093	5145	0	8
	10	M7530094	10290	0	4
	10	M7530094	5145	0	8
	10	M75300N6	2791	0	2
	10	M7530209	0	21270	1
	10	M7530215	0	22113	1
	10	M7530215	0	24034	1
	10	M7530221	0	16380	1
	10	M7530221	0	18063	3
	10	M7530221	0	19428	2
	10	M7530228	0	22113	1
	10	M7530228	0	24034	3
	10	M7530228	0	25878	2
	10	M7530239	0	1400	1
	10	M7530285	0	12900	1
	10	M7530285	0	7372	1
	10	M7530285	0	7986	3
	10	M7530285	0	8600	1
	10	M7530286	0	3440	1
	10	M7530286	0	3726	3
	10	M7530286	0	4013	2
	10	M7530287	0	3440	1
	10	M7530287	0	3726	3
	10	M7530287	0	4013	2
	10	M7533901	179	0	18
	10	M7534100	-174	0	1
	10	M7534100	174	0	3
	10	M7550010	0	-11700	1
	10	M7550010	0	10800	2
	10	M7550010	0	11700	4
	10	M7550010	0	23400	1
	10	M7550012	3350	0	1
	10	M7550013	2006	0	1
	10	M7550015	12508	0	1
	10	M7550015	18761	0	1
	10	M7550015	50030	0	1
	10	M7550015	6254	0	12
	10	M7560004	2351	0	6
	10	M7560004	2415	0	1
	10	M7560011	9839	0	1
	10	M7560014	2582	0	8
	10	M7560014	5164	0	1
	10	M7560015	0	13968	1
	10	M7560015	0	2267	1
	10	M7560015	0	2645	1
	10	M7560017	0	2700	2
	10	M7560022	0	-1740	1
	10	M7560022	0	1740	1
	10	M7560026	0	-2160	1
	10	M7560026	0	2160	1
	10	M7560036	0	2880	1
	10	M7560046	10889	0	12
	10	M7560048	-10889	0	1
	10	M7560048	10889	0	19
	10	M7560052	0	10200	2
	10	M7560052	0	20400	1
	10	M7560055	0	-7020	1
	10	M7560055	0	7020	1
	10	M7560056	0	-5200	1
	10	M7560056	0	5200	1
	10	M7560057	0	7800	10
	10	M7560057	0	8190	3
	10	M7560057	0	8450	5
	10	M7560057	0	8820	1
	10	M7560058	0	720	11
	10	M7560058	0	780	9
	10	M7560058	0	840	1
	10	M7560059	10889	0	7
	10	M7560060	0	-1950	1
	10	M7560060	0	1800	4
	10	M7560060	0	1950	137
	10	M7560060	0	2100	19
	10	M7560060	0	3900	8
	10	M7560060	0	4200	9
	10	M7560060	0	5850	1
	10	M7560068	3255	0	1
	10	M7560069	0	2450	1
	10	M7560071	10987	0	1
	10	M7560072	0	16000	2
	10	M7560073	0	16000	1
	10	M7560076	0	2600	2
	10	M7560076	0	2800	2
	10	M7560079	12508	0	1
	10	M7560079	18761	0	1
	10	M7560079	6254	0	6
	10	M7560080	0	10400	11
	10	M7560080	0	11200	13
	10	M7560080	0	8960	1
	10	M7560084	10889	0	6
	10	M7561301	3086	0	48
	10	M7561751	-20168	0	1
	10	M7561751	0	58861	1
	10	M7561751	10084	0	4
	10	M7561751	105884	0	1
	10	M7561751	15126	0	12
	10	M7561751	20168	0	12
	10	M7561751	25211	0	23
	10	M7561751	25725	0	1
	10	M7561751	30253	0	26
	10	M7561751	35295	0	20
	10	M7561751	40337	0	28
	10	M7561751	41160	0	2
	10	M7561751	45379	0	17
	10	M7561751	5042	0	4
	10	M7561751	50421	0	8
	10	M7561751	55463	0	12
	10	M7561751	60505	0	8
	10	M7561751	65547	0	4
	10	M7561751	70589	0	4
	10	M7561751	75632	0	2
	10	M7561751	80674	0	1
	10	M7561751	85716	0	2
	10	M7561751	90758	0	2
	10	M7561751	95800	0	2
	10	M7561752	10084	0	1
	10	M7561752	20168	0	3
	10	M7561752	25211	0	1
	10	M7561752	30253	0	1
	10	M7561752	35295	0	1
	10	M7561752	45379	0	2
	10	M7561752	5042	0	1
	10	M7561752	55463	0	2
	10	M7561752	65547	0	1
	10	M7562060	368	0	14
	10	M7562060	735	0	1
	10	M7562201	-184	0	1
	10	M7562201	184	0	6
	10	M7562201	3491	0	1
	10	M7562201	3675	0	65
	10	M7562201	7350	0	1
	10	M7566303	1395	0	13
	10	M7566305	1003	0	3
	10	M7566305	2006	0	2
	10	M7566307	1003	0	3
	10	M7566309	1675	0	3
	10	M7570001	0	3900	1
	10	M7570018	0	2040	2
	10	M7570021	0	-1463	1
	10	M7570021	0	1350	5
	10	M7570021	0	1463	5
	10	M7570021	0	1575	1
	10	M7570022	0	540	1
	10	M7570022	0	630	1
	10	M7570029	0	-42000	1
	10	M7570029	0	42000	2
	10	M7570029	0	84000	1
	10	M7570036	0	1140	1
	10	M7570119	0	5096	1
	10	M7570119	0	5292	1
	10	M7570119	0	5684	1
	10	M7570177	15680	0	1
	10	M7570180	6661	0	1
	10	M7570184	5996	0	1
	10	M7570193	35129	0	1
	10	M7570207	0	78500	1
	10	M7570209	-80928	0	1
	10	M7570209	80928	0	1
	10	M7570211	-14416	0	2
	10	M7570211	0	18060	1
	10	M7570211	14416	0	13
	10	M7570212	-51048	0	2
	10	M7570212	0	60736	1
	10	M7570212	12762	0	2
	10	M7570212	13400	0	1
	10	M7570212	19143	0	1
	10	M7570212	25524	0	1
	10	M7570212	31905	0	1
	10	M7570212	51048	0	7
	10	M7570213	-2178	0	1
	10	M7570213	2178	0	1
	10	M7570214	-6436	0	2
	10	M7570214	0	7644	1
	10	M7570214	6436	0	13
	10	M7570220	19367	0	1
	10	M7570223	8309	0	1
	10	M7570224	0	2040	7
	10	M7570224	0	2210	4
	10	M7570224	0	2380	1
	10	M7570F01	19367	0	1
	10	M7570F01	38734	0	1
	10	M7572146	8918	0	3
	10	M7572701	0	5467	2
	10	M7572701	11481	0	1
	10	M7572701	5740	0	4
	10	M7573903	756	0	1
	10	M757HF02	48953	0	1
	10	M757HL40	1143	0	1
	10	M757JH20	42513	0	1
	10	M757JM20	38177	0	4
	10	M757KQ02	11710	0	1
	10	M757KR02	4553	0	1
	10	M7582300	11288	0	1
	10	M7585005	0	-51048	2
	10	M7585005	0	51048	2
	10	M7585005	51048	0	2
	10	M7585007	0	-6436	2
	10	M7585007	0	6436	2
	10	M7585007	6436	0	2
	10	M7585008	0	-14416	1
	10	M7585008	0	-7208	1
	10	M7585008	0	14416	1
	10	M7585008	0	7208	1
	10	M7585008	14416	0	1
	10	M7585008	7208	0	1
	10	M7585019	7568	0	1
	10	M7590028	0	260	4
	10	M7590028	239	0	2
	10	M7590028	479	0	1
	10	M7590029	-8673	0	1
	10	M7590029	434	0	2
	10	M7590029	8673	0	1
	10	M7590030	0	-1006	1
	10	M7590030	0	1006	1
	10	M7590030	1932	0	1
	10	M7590030	4830	0	2
	10	M7596105	2457	0	1
	10	M7596503	285	0	1
	10	M7596504	285	0	23
	10	M7596504	514	0	2
	10	M7596504	525	0	25
	10	M7620004	0	312	36
	10	M7620004	0	338	42
	10	M7620004	0	364	13
	10	M7620004	0	624	2
	10	M7620004	0	676	1
	10	M7620015	-42354	0	1
	10	M7620015	42354	0	1
	10	M7620017	0	31063	1
	10	M7620022	-8738	0	1
	10	M7620022	8738	0	1
	10	M7620024	0	17625	1
	10	M7620025	0	12000	1
	10	M7620030	0	1560	3
	10	M7620030	0	1690	2
	10	M7620031	0	1014	1
	10	M7620031	0	936	3
	10	M7620032	0	1176	3
	10	M7620032	0	1274	1
	10	M7620041	1125	0	1
	10	M7620051	31576	0	2
	10	M7620053	429000	0	1
	10	M7620055	-17861	0	1
	10	M7620055	17861	0	2
	10	M7620062	0	9100	1
	10	M7620069	27212	0	1
	10	M7620069	54424	0	1
	10	M7620072	126	0	1
	10	M7620072	189	0	3
	10	M7620072	63	0	33
	10	M7620073	429000	0	1
	10	M7620076	18249	0	1
	10	M7620098	429000	0	1
	10	M7620115	1125	0	6
	10	M7620138	998	0	1
	10	M7620140	1103	0	1
	10	M7620153	9623	0	1
	10	M7620161	429000	0	1
	10	M7620300	2184	0	2
	10	M7623101	36500	0	3
	10	M7624813	12212	0	1
	10	M7627400	3916	0	1
	10	M7627402	3684	0	2
	10	M7627406	3684	0	3
	10	M7627903	271	0	2
	10	M7629902	0	277	26
	10	M7629902	0	300	29
	10	M7629902	0	323	9
	10	M7629902	0	492	1
	10	M7629902	0	554	3
	10	M7629902	0	600	4
	10	M7629902	0	646	3
	10	M762A101	1125	0	2
	10	M762A101	3374	0	1
	10	M762AA03	46195	0	7
	10	M762AC01	19153	0	3
	10	M762AC01	38306	0	2
	10	M762BJ66	9839	0	2
	10	M762BK83	10987	0	23
	10	M7630011	0	2400	11
	10	M7630011	0	2600	23
	10	M7630011	0	2800	13
	10	M7630011	0	5600	1
	10	M7630014	0	21000	2
	10	M7630041	0	76125	1
	10	M7630053	0	10640	2
	10	M7630053	0	15960	1
	10	M7630053	0	4500	17
	10	M7630053	0	4940	16
	10	M7630053	0	5320	10
	10	M7630053	0	9880	1
	10	M7630059	16125	0	2
	10	M7630059	43000	0	4
	10	M7630064	0	1200	4
	10	M7630064	0	1400	1
	10	M7630067	0	2600	1
	10	M7630069	3498	0	1
	10	M7630073	14507	0	1
	10	M7630076	0	96000	1
	10	M7630083	29087	0	1
	10	M7630090	0	1380	1
	10	M7630090	0	1495	3
	10	M7630090	0	1610	2
	10	M7630094	0	1200	10
	10	M7630094	0	1300	10
	10	M7630094	0	1400	3
	10	M7630103	0	-15458	1
	10	M7630103	0	15458	1
	10	M7630113	0	27250	1
	10	M7630113	0	29350	1
	10	M7630114	0	6720	1
	10	M7630114	0	7280	4
	10	M7630114	0	7840	4
	10	M7630121	0	64080	1
	10	M7630121	0	67750	1
	10	M7630124	0	107500	1
	10	M7630127	0	21000	2
	10	M7630128	0	10400	1
	10	M7630128	0	9600	3
	10	M7630129	0	60480	1
	10	M7630129	0	70560	1
	10	M7630129	0	90720	1
	10	M7630130	0	13080	1
	10	M7630130	0	26160	2
	10	M7630131	0	20375	1
	10	M7630132	0	74125	1
	10	M7630149	12600	0	4
	10	M7630149	4200	0	1
	10	M7630149	8400	0	3
	10	M7630160	0	218000	1
	10	M7630213	0	73900	1
	10	M7630222	0	15600	6
	10	M7630222	0	17000	5
	10	M7630222	0	17250	13
	10	M7630222	0	18550	4
	10	M7630222	0	34500	3
	10	M7630231	0	79800	1
	10	M7630241	0	11520	1
	10	M7630245	0	4800	1
	10	M7630246	0	2880	1
	10	M7630246	2972	0	1
	10	M7630246	5943	0	1
	10	M7630251	1544	0	1
	10	M7630251	3087	0	1
	10	M7630251	4631	0	1
	10	M7630256	2972	0	1
	10	M7630256	5943	0	1
	10	M7630267	0	27000	1
	10	M7630283	0	32000	1
	10	M7630285	0	112000	1
	10	M7631100	0	2940	17
	10	M7631100	0	3185	19
	10	M7631100	0	3330	5
	10	M7631100	0	3430	4
	10	M7631648	420	0	1
	10	M7631648	840	0	3
	10	M7632501	4284	0	9
	10	M7633502	11020	0	1
	10	M7633503	3615	0	2
	10	M7633511	14891	0	1
	10	M7633512	25402	0	1
	10	M7636118	2195	0	2
	10	M7636311	4284	0	1
	10	M7637601	26716	0	1
	10	M7637604	3615	0	4
	10	M7637605	4623	0	7
	10	M7637606	11020	0	2
	10	M7637607	23846	0	3
	10	M7637802	9576	0	3
	10	M7638302	0	79	1
	10	M7638302	58	0	14
	10	M7639002	0	-57429	1
	10	M7639002	0	57429	1
	10	M7639002	57429	0	1
	10	M7639900	0	59750	1
	10	M763D102	0	3960	2
	10	M763D103	0	2358	6
	10	M7650003	0	2460	1
	10	M7650008	0	500	6
	10	M7650011	1927	0	4
	10	M7650013	3859	0	1
	10	M7650021	10889	0	7
	10	M7650022	-10889	0	1
	10	M7650022	-21777	0	1
	10	M7650022	10889	0	328
	10	M7650022	21777	0	1
	10	M7650023	4725	0	15
	10	M7650201	6064	0	2
	10	M7651842	-1174	0	1
	10	M7651842	-1890	0	1
	10	M7651842	1174	0	1
	10	M7651842	1890	0	1
	10	M7652948	0	468	1
	10	M7652948	1008	0	4
	10	M7652948	326	0	40
	10	M7652948	504	0	53
	10	M7652948	651	0	1
	10	M7654102	21	0	4
	10	M7654201	683	0	3
	10	M7654202	1103	0	6
	10	M7654202	961	0	2
	10	M7654203	1365	0	4
	10	M7654203	2321	0	1
	10	M7654204	1103	0	48
	10	M7654204	1922	0	1
	10	M7654204	961	0	40
	10	M7654205	-1355	0	1
	10	M7654205	-1365	0	1
	10	M7654205	1355	0	1
	10	M7654205	1365	0	1
	10	M7654601	448	0	4
	10	M7656801	0	31	1
	10	M7656801	123	0	1
	10	M7656801	126	0	84
	10	M7656801	189	0	1
	10	M7656801	32	0	64
	10	M7656801	63	0	156
	10	M7656801	64	0	50
	10	M7656801	97	0	9
	10	M7670003	0	1032	2
	10	M7670003	0	1118	8
	10	M7670003	0	1204	1
	10	M7670004	0	1022	1
	10	M7670004	0	876	1
	10	M7670004	0	949	2
	10	M7670005	6113	0	2
	10	M7670006	4234	0	1
	10	M7670009	-200	0	5
	10	M7670009	0	198	2
	10	M7670009	200	0	204
	10	M7670011	0	198	2
	10	M7670011	0	213	1
	10	M7670013	-6445	0	1
	10	M7670013	0	6644	1
	10	M7670013	6445	0	35
	10	M7670015	2846	0	1
	10	M7670102	0	426	14
	10	M7670102	0	462	16
	10	M7670102	0	497	4
	10	M7670103	0	104	16
	10	M7670103	0	112	4
	10	M7670103	0	96	14
	10	M7672401	-200	0	1
	10	M7672401	200	0	198
	10	M76724S1	0	-241	1
	10	M76724S1	0	222	4
	10	M76724S1	0	241	4
	10	M7716804	38489	0	1
	10	M77800CP	54597	0	1
	10	M77848S1	0	179	9
	10	M77848S1	0	193	7
	10	M77848S1	0	358	4
	10	M77848S1	0	386	5
	10	M77848S1	0	537	1
	10	M7785301	0	1440	1
	10	M7785301	0	1560	5
	10	M7785301	0	1680	2
	10	M7786801	232	0	2
	10	M7786801	464	0	3
	10	M7790D01	20412	0	1
	10	M7790D04	20412	0	2
	10	M7798104	-6436	0	3
	10	M7798104	0	-6436	2
	10	M7798104	0	6436	2
	10	M7798104	6436	0	5
	10	M7798201	-51048	0	2
	10	M7798201	-57429	0	1
	10	M7798201	0	-51048	1
	10	M7798201	0	51048	1
	10	M7798201	51048	0	3
	10	M7798201	57429	0	1
	10	M7800002	-164	0	2
	10	M7800002	164	0	39
	10	M7800002	328	0	7
	10	M7800003	-267	0	1
	10	M7800003	133	0	8
	10	M7800003	267	0	2
	10	M7800200	164	0	1
	10	M7801648	-202	0	44
	10	M7801648	-403	0	1
	10	M7801648	0	-192	1
	10	M7801648	0	-202	1
	10	M7801648	0	-606	1
	10	M7801648	0	1010	1
	10	M7801648	0	174	2
	10	M7801648	0	192	17
	10	M7801648	0	202	29
	10	M7801648	0	217	23
	10	M7801648	0	384	1
	10	M7801648	0	404	5
	10	M7801648	0	576	2
	10	M7801648	0	606	1
	10	M7801648	0	768	1
	10	M7801648	1008	0	1
	10	M7801648	192	0	2
	10	M7801648	202	0	1940
	10	M7801648	403	0	125
	10	M7801648	605	0	13
	10	M7801648	806	0	3
	10	M7802427	-297	0	7
	10	M7802427	0	-292	1
	10	M7802427	0	283	2
	10	M7802427	0	292	1
	10	M7802427	292	0	1
	10	M7802427	297	0	273
	10	M7802427	594	0	1
	10	M7810801	249	0	1
	10	M7810801	498	0	1
	10	M7811301	189	0	3
	10	M7811706	-249	0	11
	10	M7811706	0	240	6
	10	M7811706	249	0	360
	10	M7811706	498	0	26
	10	M7811879	-322	0	5
	10	M7811879	0	307	1
	10	M7811879	307	0	9
	10	M7811879	320	0	2
	10	M7811879	322	0	664
	10	M7811879	967	0	1
