10	M7511300
10	M7511303
10	M7633512
10	M7633511
10	M7153307
10	M7153301
10	M7633503
10	M7633502
10	M7099002
10	M7088707
10	M7650022
10	M7650021
10	M7650023
10	M7650008
10	M7650013
10	M7650015
10	M7650011
10	M7650010
10	M7582300
10	76505
10	76506
10	76513
10	M7004773
10	76526
10	76534
10	76544
10	76542
10	76543
10	76549
10	M757JH20
10	76564
10	76568
10	76560
10	76561
3	50080010
3	50080069
3	50080065
3	50080066
3	50080064
3	50080061
3	50080060
10	M7637802
3	50080076
3	50080072
3	50080073
3	50080074
3	50080075
3	50080070
3	50080071
3	50080044
3	50080054
3	50080056
3	50080057
3	50080058
3	50080059
3	50080050
3	50080051
3	50080053
10	M7629906
10	M7629902
10	M7080101
10	74030
10	M7330001
12	P062007C
12	P062009C
10	76306
10	76307
10	76305
10	76304
12	P069034C
10	76319
10	76312
10	76314
10	76313
12	P062018C
12	P062015B
10	76387
12	P069039B
10	76375
10	76373
10	M7811879
12	P062012C
10	76399
12	P062011C
10	76396
12	P069036B
12	P062010C
10	76331
12	P069037B
10	76354
10	76200
10	M7811706
10	M7000606
10	M7000603
10	M7000602
10	M7000601
12	P062024B
10	76285
12	P062023B
12	P069027B
12	P062020B
12	P069024B
12	P062022C
12	P070214B
12	P070213B
10	M7000701
12	P062032B
12	P062037B
12	92371212
12	92371219
10	M7572146
10	M7000830
12	P069001B
12	P069006C
12	P069004B
12	P069003B
10	M757JM20
10	M762AA03
10	M7650201
10	M7080685
10	M7080660
24	00Q1RTCU
10	M7080612
10	M762AC01
10	M7173000
10	M7091X04
10	M7080790
10	M7177503
10	M7080760
10	M7080712
10	M7092606
9	0007000D
9	0007000F
9	0007000E
9	0007000G
9	0007000M
9	0007000R
12	P078025B
12	P078008C
12	P078002C
10	M7450703
12	P078018B
10	M7000001
10	M7560060
10	M7560069
10	M7560068
12	P064053B
10	M7560058
10	M7560059
10	M7560056
10	M7560057
10	M7790D04
10	M7560055
10	M7560052
10	M7790D01
10	M7560080
10	M7560071
10	M7560072
10	M7560073
10	M7560079
10	M7560022
10	M7560026
10	M7560011
10	M7560017
10	M7560016
10	M7560015
10	M7560014
10	M7560046
10	M7560048
10	M7560035
10	M7560036
12	P072043B
12	P072042B
10	M7654204
10	M7654205
10	M7654202
10	M7654201
12	P072047B
12	P072048B
12	P072032B
12	P072030B
12	P072035B
12	P064032B
12	P064035C
12	P064029B
12	P064028C
3	15040070
12	P064022B
12	P064025C
10	M7560006
10	M7560004
12	P081031C
10	M7654601
3	50002002
3	50002007
3	50002008
3	50002006
10	M7630103
10	M7630114
10	M7630113
12	P072007B
12	P072006B
3	50002030
3	50002086
3	50002082
3	50002084
10	M7630160
12	P072003B
3	50002099
3	50002095
3	50002094
3	50002078
3	50002074
10	M7630130
10	M7630131
10	M7630132
10	M7630121
10	M7630127
10	M7630124
10	M7630128
10	M7630129
10	M7630149
10	M7530216
10	M7530215
10	M7530228
10	M7530221
10	M7530239
10	M7530247
10	M7530286
10	M7530287
10	M7530284
10	M7530285
10	M7530283
3	50002115
3	50002117
3	50002111
3	50002106
3	50002105
3	50002127
3	50002156
3	50002155
3	50002157
3	50002142
3	50002140
3	50002170
3	50002171
3	50002172
3	50002173
3	50002174
3	50002176
3	50002177
3	50002165
10	M7530203
10	M7530208
3	50002169
10	M7530209
3	50002168
3	50002167
3	50002166
10	M7630073
10	M7630076
3	50002187
3	50002186
10	M7630064
10	M7630069
10	M7630067
3	50002192
3	50002197
10	M7630053
10	M7630059
10	M7630041
10	M7630011
10	M7630090
10	M7630094
10	M7630083
3	50002213
3	50002212
3	50002216
3	50002215
3	50002214
3	50002200
3	50002201
3	50002205
3	50002208
3	50002207
10	M75300N6
3	50002299
3	50002291
3	50002289
3	50002277
3	50002276
3	50002279
3	50002268
3	50002265
12	P085004C
3	50002264
3	50002256
3	50002246
3	50002243
3	50002247
3	50002248
3	50002236
3	50002227
3	50002228
3	50002220
12	P072023B
12	P092215B
10	M7077124
10	M7077120
10	M7530013
10	M7530014
10	M7530016
3	50002315
3	50002312
10	M7077116
3	50002307
10	M7530027
3	50002309
3	50002308
3	50002302
10	M7530028
3	50002300
10	M7530037
3	50002339
3	50002338
3	50002328
10	M7530045
3	50002321
3	50002320
3	50002322
10	M7530008
10	M7530007
10	M7530005
3	50002399
3	50002395
3	50002392
3	50002388
3	50002382
3	50002380
12	P072019B
12	P072018B
3	50002358
3	50002359
3	50002356
3	50002350
3	50002348
12	P064063C
3	50002349
3	50002347
3	50002345
3	50002343
3	50002341
3	50002375
3	50002376
3	50002377
3	50002371
3	50002374
3	50002367
3	50002368
3	50002360
12	P072010B
12	P072017C
10	M7530094
10	M7530093
10	M7530092
10	M7530091
10	M7530069
10	M7530068
10	M7530067
10	M7530059
10	M7530055
10	M7530052
10	M7530089
10	M7530085
10	M7530079
10	M7530070
10	M7530074
12	P083089B
12	P083088B
3	50002460
3	50002464
3	50002465
3	50002482
3	50002490
3	50002491
3	50002494
3	50002499
10	M7800200
3	50002408
3	50002400
3	50002402
3	50002416
3	50002413
3	50002415
3	50002426
3	50002423
3	50002421
3	50002422
3	50002420
3	50002427
3	50002431
3	50002448
3	50002449
3	50002451
12	P071001B
3	50002617
3	50002615
3	50002612
3	50002613
3	50002603
9	8908266L
10	M762A101
12	P062062B
12	P062064C
3	50002582
3	50002583
3	50002589
3	50002588
3	50002584
3	50002586
3	50002594
3	50002592
3	50002590
3	50002599
3	50002598
3	50002596
12	P083083B
10	70265
12	P071006C
10	70266
10	70261
10	70260
3	50002503
3	50002501
12	P083082B
3	50002512
3	50002511
3	50002519
12	P083081B
3	50002518
12	P083080B
3	50002564
3	50002563
3	50002569
3	50002566
3	50002567
3	50002560
3	50002573
3	50002578
3	50002547
3	50002553
3	50002554
3	50002712
3	50002703
3	50002704
3	50002706
3	50002707
3	50002708
3	50002709
9	77997
9	77990
3	50002660
3	50002667
3	50002661
3	50002671
3	50002670
10	M7800001
10	M7800002
10	M7800003
3	50002686
3	50002683
3	50002689
3	50002690
3	50002692
3	50002694
3	50002626
3	50002625
3	50002623
3	50002658
3	50002651
12	P083097B
3	50002820
12	P070206C
12	P070204B
10	70418
10	70417
10	70416
10	70415
10	70413
10	70412
10	70422
10	70421
3	50002780
3	50002798
3	50002793
3	50002763
3	50002762
3	50002761
3	50002760
3	50002765
3	50002768
3	50002773
3	50002775
3	50002778
3	50002745
3	50002753
3	50002752
3	50002751
3	50002757
12	P083049B
12	P083046B
12	P083041B
12	P083044B
12	P064003C
3	50002965
12	P064005B
12	P083040B
3	50002968
3	50002974
3	50002972
3	50002971
3	50002970
3	50002978
12	P083039B
12	P083038C
12	P083036C
10	M7637601
10	M7637605
10	M7637604
10	M7637607
10	M7637606
12	P064001B
3	50002995
3	50002991
3	50002993
3	50002990
3	50002985
3	50002988
12	82183058
10	992SO606
12	P083069B
24	00Q1RICU
12	P071012B
10	70158
12	P071014B
12	P071019B
10	M709AU85
10	74507
12	P083052C
12	P083051B
12	P071023B
12	P083055B
10	70072
10	70083
10	70085
10	70082
10	70040
10	70047
10	70037
10	70039
10	70038
10	70022
10	70011
10	70013
10	70014
10	70016
10	70002
10	70001
10	70000
10	70005
10	70006
10	70004
10	70009
10	70007
10	70008
10	74580
10	74583
10	M7001601
12	P073030B
10	M709D005
12	P074206B
10	M7001702
10	M7001703
10	M7001701
10	M7001732
10	M7001731
10	75115
10	M7001709
10	M7001722
10	M7001721
10	M7001724
12	P074201C
10	75125
10	75124
10	75138
10	75133
12	P073043B
12	P073045B
12	P073044B
10	M7510083
10	M7510076
10	M7510075
10	M7510073
10	M7510072
10	M7510079
10	M7510078
10	M7510060
10	M7510068
12	P073014B
10	M7510091
10	M7510006
10	M7510008
10	M7510045
10	M7510042
12	P073013B
10	M7510030
12	P073012B
12	P073011B
10	M7510011
10	M7510010
12	P073010B
10	75339
10	75336
10	M7810801
10	75302
12	P068003B
12	P073020C
12	P073023B
12	P073022B
10	M7510130
12	P068001B
24	00Q1CICU
10	M709CB01
10	M709CB02
10	M7632501
10	M7071901
10	M7071936
10	M7001960
10	M7001961
10	M7001950
10	M7001930
10	M7370029
10	M7370049
10	M7370061
10	M7370051
10	M7630285
10	M7630283
10	M7630246
10	M7630245
10	M7630241
10	M7630256
10	M7630251
10	M7630267
10	M77848S1
10	M7630213
10	M7630231
10	M7630222
24	00042ND
10	M7624813
10	M7083901
10	000921EF
12	P066032B
12	P066026B
12	P066023B
12	P066028B
10	M7570F01
12	P066019B
12	P066016B
10	M7654102
12	P066018B
12	P066017B
12	P066013B
10	M7620098
10	M7620051
10	M7620053
10	M7620055
10	M7620041
10	M7620072
10	M7620071
10	M7620073
10	M7620076
10	M7620062
10	M7620069
10	M7620018
10	M7620017
10	M7620004
10	M7620036
10	M7620031
10	M7620032
10	M7620030
10	M7620025
10	M7620024
12	P080205B
12	P066008B
12	P066003B
12	P073001B
10	M7370601
10	M7620161
12	P073008B
10	M7620138
10	M7620115
12	P073005B
10	M7091001
10	M7091004
12	P073002B
12	P073003B
10	M7533901
10	M77800CP
12	92280936
10	M762BJ66
12	P074211B
12	P074213B
12	P086008C
10	M7620300
10	M7087815
10	M7001045
10	M7001046
10	M7001041
10	M7001042
10	M7001043
10	M7001044
10	M762BK83
12	P064164B
3	50003135
3	50003132
3	50003130
3	50003145
3	50003148
3	50003149
3	50003142
3	50003141
10	M7171006
3	50003119
3	50003116
3	50003112
3	50003111
10	M7171014
10	M7171010
10	M7171011
3	50003128
3	50003123
3	50003124
3	50003125
3	50003120
3	50003122
12	P064162B
12	P064163B
3	50003106
3	50003107
3	50003100
10	M709LF01
24	00Q1BUCU
3	50003193
3	50003192
3	50003195
3	50003197
3	50003190
3	50003173
3	50003162
3	50003160
3	50003165
3	50003163
3	50003169
3	50003167
10	M7090902
3	50003151
3	50003153
3	50003154
3	50003233
3	50003249
3	50003245
3	50003241
3	50003243
3	50003257
3	50003258
3	50003256
3	50003259
3	50003250
3	50003252
3	50003208
3	50003205
3	50003207
3	50003219
3	50003211
3	50003218
3	50003216
3	50003215
3	50003210
3	50003223
3	50003225
10	M7400027
10	M7400011
10	M7400010
10	M7400005
10	M7170003
10	M7170014
10	M7170013
10	M7170018
10	M7170020
10	M7170023
10	M7170041
10	M7170048
10	M7170066
10	M7170067
10	M7170078
10	M7170073
10	M7170072
10	M7170084
3	50003001
3	50003006
3	50003009
3	50003003
3	50003004
3	50003014
12	P064170B
3	50003024
3	50003026
3	50003027
3	50003049
3	50003048
3	50003047
3	50003041
3	50003035
3	50003039
3	50003030
3	50003034
3	50003068
3	50003058
3	50003057
3	50003053
3	50003050
3	50003083
3	50003082
3	50003089
3	50003086
3	50003071
3	50003074
3	50003077
3	50003099
3	50003094
3	50003599
3	50003596
3	50003594
3	50003595
3	50003592
3	50003585
3	50003580
10	M7090512
3	50003582
3	50003584
3	50003583
3	50003576
3	50003577
3	50003578
3	50003579
3	50003571
3	50003567
3	50003565
3	50003559
3	50003556
3	50003554
3	50003555
3	50003552
3	50003551
3	50003550
12	P075404B
3	50003549
3	50003548
3	50003546
3	50003538
3	50003531
3	50003533
3	50003532
3	50003534
3	50003528
3	50003521
3	50003519
3	50003513
3	50003512
3	50003514
3	50003510
3	50003503
3	50003504
3	50003501
3	50003502
3	50003508
3	50003505
9	86543011
3	50003688
12	P064197C
3	50003687
3	50003675
3	50003676
3	50003697
3	50003695
3	50003699
3	50003694
3	50003692
3	50003646
3	50003644
3	50003643
3	50003641
3	50003636
3	50003635
3	50003632
3	50003638
3	50003637
3	50003662
3	50003652
3	50003653
3	50003655
3	50003657
3	50003604
3	50003600
3	50003601
3	50003626
3	50003624
3	50003623
3	50003708
10	M7100005
3	50003704
10	M7100006
10	M7100007
10	M7100008
10	M7100017
10	M7100030
10	M7100050
10	M7631100
3	50003341
3	50003350
3	50003482
3	50003488
3	50003479
3	50003492
3	50003490
3	50003496
3	50003493
3	50003499
3	50003497
3	50003409
3	50003408
3	50003410
10	M709LN04
10	75917
10	75916
10	75915
10	75914
10	75965
10	M7171903
10	M7631648
3	50003951
3	50003958
3	50003969
10	M7170602
10	M757KR02
10	M7670102
10	M7670103
12	P075003B
12	P075005B
3	50003804
3	50003802
10	M763D101
3	50003808
3	50003809
3	50003829
3	50003826
3	50003824
3	50003821
10	M763D103
10	M763D102
3	50003816
3	50003712
3	50003711
3	50003710
3	50003717
3	50003716
3	50003715
3	50003721
3	50003729
3	50003731
3	50003730
3	50003734
3	50003733
3	50003732
3	50003737
3	50003736
3	50003742
3	50003746
3	50003749
3	50003759
3	50003767
3	50003768
3	50003762
3	50003763
3	50003764
3	50003779
3	50003776
3	50003771
3	50003784
3	50003786
3	50003787
3	50003788
3	50003781
3	50003792
3	50003798
3	50003795
3	50003796
10	M7670004
10	M7670003
10	M7670006
10	M7670005
10	M7670009
10	M7670013
10	M7670011
10	M7670015
10	M7534100
10	M7811301
10	M757KQ02
3	50003908
3	50003907
3	50003905
3	50003904
3	50003903
3	50003902
10	M7170804
10	M7170801
3	50003941
3	50003949
3	50003945
3	50003931
3	50003933
3	50003938
3	50003935
3	50003925
3	50003926
3	50003923
3	50003927
3	50003909
3	50003910
3	50003911
3	50003913
3	50003857
3	50003850
3	50003854
3	50003869
3	50003863
3	50003862
3	50003865
3	50003866
3	50003836
3	50003834
3	50003831
3	50003849
3	50003848
3	50003840
3	50003893
3	50003897
12	P075001B
3	50003892
3	50003890
3	50003874
3	50003879
3	50003886
3	50003880
10	M7596503
10	M7596504
12	P068024B
10	M7020000
10	M7020001
10	M709BZ05
10	M709BZ06
10	75624
10	75628
10	75629
10	75623
10	75620
10	75606
10	75607
10	75605
12	P068036B
10	75617
10	75619
10	M7673001
9	76368
10	M7170138
10	M7170119
10	M7170122
10	75670
10	75666
10	75667
10	75660
10	75669
10	75668
10	75722
10	75728
10	75723
12	P068049B
10	M7596105
10	M7636118
12	P064143B
10	M7570119
10	75808
10	M7636311
10	M7570193
10	M7570177
10	M7570184
10	M7570180
10	M7570207
10	75892
10	M7570220
10	M7570223
10	M7570224
10	M7570209
10	M7570214
10	M7570213
10	M7570212
10	M7570211
24	00Q12ND
24	00Q12TB
10	M76724S1
10	M757HF02
12	P080801B
12	P080807B
3	92280944
24	00Q1CVDU
12	821CS003
12	P070001B
10	M7672401
3	50090110
3	50090113
3	50090115
3	50090114
3	50090100
3	50090103
3	50090102
3	50090062
3	50090074
3	50090072
3	50090071
3	50090076
3	50090075
3	50090041
3	50090055
3	50090025
3	50090027
3	50090018
3	50090035
3	50090030
3	50090001
3	50090002
3	50090005
3	50090011
3	50090013
3	50090008
3	50090088
3	50090098
3	50090099
3	50090091
3	50090094
12	9221CVH7
12	9221CVD0
10	M7785301
12	P075801C
10	M7570018
10	M7570022
10	M7570021
12	P075802B
10	M7570029
10	M7570036
12	P075805B
12	P075806B
10	M7570001
24	00Q14RD
24	0004SP-4
10	M7070110
10	M7070113
10	M7070107
10	000717A1
24	00Q1PICU
12	P078604B
10	0007172D
10	M7175301
10	0007172C
10	0007171T
10	0007171U
10	0007171R
10	0007171G
10	0007171F
10	78008
10	78007
10	M7781512
10	M7627402
10	M7627400
10	M7627406
12	P084018B
10	M7002501
10	M7175101
12	P077028B
12	P077027B
10	M7514231
10	M7514245
10	M7514219
12	P063010C
12	P063001B
12	P063003B
10	M7623101
9	M7001223
9	M7001221
9	890RH141
10	M709PM07
9	890RH139
10	M7627903
10	M7781902
10	M7566307
10	M7566309
10	M7566303
10	M7566305
10	M7513304
10	M7513305
10	M7090056
10	M7090041
10	M7550001
10	M7550009
10	M7550005
10	M7513406
10	M7550015
10	M7550010
10	M7550013
10	M7550012
10	M7090069
10	78127
10	78121
10	78110
10	78111
10	78131
10	78161
10	78166
12	88871219
12	P071213B
12	P071215B
10	M7802427
12	P071210B
12	P071211B
12	P070401B
12	P071219B
10	M7585005
10	M7585007
10	M7585008
12	P071224B
10	M7585019
12	P071222B
12	P071220B
12	P071221B
12	P070416B
12	P070417B
12	P070414B
12	P070415B
10	000762AC
10	M7562931
10	M7562932
10	000763A3
10	M7639002
10	0007631W
10	0007631L
10	0007631K
10	0007631M
12	P070404B
12	P070405B
12	P070406B
12	P070407B
12	P070408B
12	P070409B
10	0007620X
10	0007620L
10	0007620K
12	P071205B
10	0007621L
12	P070411B
12	P071209B
10	M7716804
10	M7179002
12	P082004B
12	P082005B
3	50000209
3	50000229
3	50000220
3	50000253
3	50000240
12	P085206C
3	50000267
3	50000286
10	M7562201
3	50000313
3	50000315
3	50000316
3	50000347
3	50000333
3	50000390
3	50000394
3	50000397
3	50000398
3	50000386
3	50000387
3	50000389
3	50000371
3	50000378
12	P082016B
12	82185608
10	M7652948
10	M757HL40
9	70710
9	70711
9	70712
9	70706
9	70705
9	70703
12	P064259B
3	50000426
3	50000438
3	50000436
3	50000437
3	50000481
10	M7562060
3	50000457
3	50000451
3	50000441
3	50000469
10	M7639900
12	P064245C
3	50000529
12	P064246B
3	50000543
3	50000556
3	50000559
3	50000512
3	50000599
3	50000583
3	50000582
3	50000568
3	50090138
3	50090127
3	50090135
3	50090134
3	50090131
3	50090130
3	50090133
3	50090126
3	50090125
3	50090124
3	50090123
3	50090121
3	50000665
3	50000672
3	50000645
3	50000649
3	50000650
3	50000653
12	P064239B
3	50000630
3	50000604
3	50000608
3	50000607
3	50000609
12	P064238B
3	50000619
12	P065063B
10	M7656801
3	50000083
3	50000085
3	50000040
3	50000050
3	50000057
3	50000055
3	50000066
3	50000078
3	50000014
3	50000013
3	50000022
3	50000020
3	50000033
3	50000034
12	P064201B
12	P064204B
12	P064206B
10	0007798A
12	P064205B
12	P064208C
12	P064207B
3	50000181
3	50000183
3	50000184
3	50000197
3	50000160
3	50000178
3	50000148
3	50000140
3	50000126
3	50000120
3	50000132
3	50000109
3	50000113
3	50000119
10	000709CM
10	000709D1
10	000709EX
10	77498
9	70074
10	000709B1
12	P074411C
10	000709K7
10	0007091G
10	0007091E
10	M7572701
24	00Q1RCC
24	00Q1RCU
10	M7512190
10	M7310053
10	M7310050
10	M7310015
10	M7310006
10	M7310001
10	M7030645
9	70012
12	P074401C
10	77837
10	77848
10	77876
10	77875
10	77874
10	77873
3	50000953
3	50000944
3	50000924
3	50000991
3	50000975
12	P085407C
10	77717
10	M7026503
3	50000808
3	50000804
3	50000806
3	50000820
3	50000828
24	00Q1SP-A
24	00Q1SP-4
24	00Q1SP-2
3	50000885
3	50000855
3	50000848
12	P074002B
3	50000878
3	50000879
3	50000866
12	P074004B
24	00Q1SNCU