10	M7511300	16
10	M7511303	65
10	M7633512	1
10	M7633511	1
10	M7153307	9
10	M7153301	10
10	M7633503	2
10	M7633502	1
10	M7099002	2
10	M7088707	258
10	M7650022	444
10	M7650021	8
10	M7650023	20
10	M7650008	7
10	M7650013	1
10	M7650015	1
10	M7650011	6
10	M7650010	1
10	M7582300	1
10	76505	608
10	76506	5
10	76513	11
10	M7004773	1
10	76526	32
10	76534	2493
10	76544	922
10	76542	243
10	76543	306
10	76549	2
10	M757JH20	1
10	76564	1
10	76568	21
10	76560	62
10	76561	5
3	50080010	759
3	50080069	3149
3	50080065	186
3	50080066	59
3	50080064	48
3	50080061	3580
3	50080060	11
10	M7637802	3
3	50080076	15
3	50080072	109
3	50080073	1171
3	50080074	805
3	50080075	104
3	50080070	254
3	50080071	2865
3	50080044	58
3	50080054	1547
3	50080056	14
3	50080057	2453
3	50080058	1422
3	50080059	83
3	50080050	8541
3	50080051	862
3	50080053	1853
10	M7629906	1
10	M7629902	73
10	M7080101	21
10	74030	8
10	M7330001	1
12	P062007C	1
12	P062009C	62
10	76306	1
10	76307	2
10	76305	2
10	76304	1
12	P069034C	1
10	76319	3
10	76312	3
10	76314	3
10	76313	2
12	P062018C	1
12	P062015B	2
10	76387	1
12	P069039B	8
10	76375	3
10	76373	1
10	M7811879	1097
12	P062012C	2
10	76399	5
12	P062011C	2
10	76396	6
12	P069036B	1
12	P062010C	6
10	76331	32
12	P069037B	5
10	76354	2
10	76200	1
10	M7811706	254
10	M7000606	2
10	M7000603	19
10	M7000602	241
10	M7000601	1057
12	P062024B	2
10	76285	6
12	P062023B	1
12	P069027B	6
12	P062020B	3
12	P069024B	1
12	P062022C	1
12	P070214B	53
12	P070213B	305
10	M7000701	2
12	P062032B	2
12	P062037B	1
12	92371212	1
12	92371219	5
10	M7572146	3
10	M7000830	955
12	P069001B	1
12	P069006C	40
12	P069004B	2
12	P069003B	3
10	M757JM20	4
10	M762AA03	6
10	M7650201	2
10	M7080685	88
10	M7080660	587
24	00Q1RTCU	20
10	M7080612	200
10	M762AC01	5
10	M7173000	8
10	M7091X04	5
10	M7080790	33
10	M7177503	201
10	M7080760	201
10	M7080712	52
10	M7092606	29
9	0007000D	4
9	0007000F	23
9	0007000E	93
9	0007000G	18
9	0007000M	315
9	0007000R	9
12	P078025B	2
12	P078008C	7
12	P078002C	2
10	M7450703	2
12	P078018B	1
10	M7000001	1
10	M7560060	209
10	M7560069	1
10	M7560068	1
12	P064053B	1
10	M7560058	21
10	M7560059	10
10	M7560056	1
10	M7560057	18
10	M7790D04	2
10	M7560055	1
10	M7560052	5
10	M7790D01	1
10	M7560080	26
10	M7560071	2
10	M7560072	2
10	M7560073	1
10	M7560079	13
10	M7560022	5
10	M7560026	1
10	M7560011	3
10	M7560017	2
10	M7560016	2
10	M7560015	11
10	M7560014	23
10	M7560046	15
10	M7560048	20
10	M7560035	6
10	M7560036	8
12	P072043B	1
12	P072042B	1
10	M7654204	113
10	M7654205	2
10	M7654202	12
10	M7654201	2
12	P072047B	1
12	P072048B	3
12	P072032B	16
12	P072030B	3
12	P072035B	2
12	P064032B	1
12	P064035C	1
12	P064029B	12
12	P064028C	3
3	15040070	56
12	P064022B	3
12	P064025C	1
10	M7560006	1
10	M7560004	12
12	P081031C	2
10	M7654601	4
3	50002002	52
3	50002007	2242
3	50002008	9
3	50002006	1835
10	M7630103	1
10	M7630114	9
10	M7630113	2
12	P072007B	1
12	P072006B	1
3	50002030	120
3	50002086	12
3	50002082	586
3	50002084	492
10	M7630160	1
12	P072003B	1
3	50002099	33
3	50002095	284
3	50002094	73
3	50002078	15
3	50002074	12
10	M7630130	3
10	M7630131	1
10	M7630132	1
10	M7630121	2
10	M7630127	2
10	M7630124	1
10	M7630128	4
10	M7630129	3
10	M7630149	7
10	M7530216	2
10	M7530215	3
10	M7530228	10
10	M7530221	11
10	M7530239	1
10	M7530247	1
10	M7530286	11
10	M7530287	11
10	M7530284	1
10	M7530285	11
10	M7530283	1
3	50002115	1
3	50002117	14
3	50002111	2
3	50002106	42
3	50002105	272
3	50002127	4
3	50002156	3
3	50002155	2
3	50002157	1
3	50002142	55
3	50002140	11
3	50002170	9
3	50002171	6
3	50002172	4
3	50002173	4
3	50002174	3
3	50002176	14
3	50002177	3
3	50002165	2
10	M7530203	1
10	M7530208	1
3	50002169	15
10	M7530209	5
3	50002168	12
3	50002167	12
3	50002166	8
10	M7630073	1
10	M7630076	1
3	50002187	92
3	50002186	37
10	M7630064	5
10	M7630069	1
10	M7630067	1
3	50002192	75
3	50002197	68
10	M7630053	45
10	M7630059	6
10	M7630041	1
10	M7630011	45
10	M7630090	6
10	M7630094	23
10	M7630083	1
3	50002213	278
3	50002212	4
3	50002216	472
3	50002215	7
3	50002214	22
3	50002200	684
3	50002201	12
3	50002205	15
3	50002208	2
3	50002207	9
10	M75300N6	3
3	50002299	481
3	50002291	6
3	50002289	99
3	50002277	7
3	50002276	2
3	50002279	90
3	50002268	66
3	50002265	58
12	P085004C	1
3	50002264	15
3	50002256	3
3	50002246	581
3	50002243	28
3	50002247	114
3	50002248	16
3	50002236	4
3	50002227	106
3	50002228	257
3	50002220	219
12	P072023B	2
12	P092215B	1
10	M7077124	7
10	M7077120	6
10	M7530013	19
10	M7530014	1
10	M7530016	5
3	50002315	3
3	50002312	2
10	M7077116	3
3	50002307	3
10	M7530027	17
3	50002309	1
3	50002308	3
3	50002302	4
10	M7530028	15
3	50002300	896
10	M7530037	2
3	50002339	129
3	50002338	4
3	50002328	232
10	M7530045	1
3	50002321	12
3	50002320	9
3	50002322	58
10	M7530008	1
10	M7530007	1
10	M7530005	253
3	50002399	86
3	50002395	8
3	50002392	66
3	50002388	11
3	50002382	60
3	50002380	198
12	P072019B	2
12	P072018B	1
3	50002358	144
3	50002359	624
3	50002356	160
3	50002350	1
3	50002348	37
12	P064063C	1
3	50002349	1074
3	50002347	201
3	50002345	123
3	50002343	32
3	50002341	79
3	50002375	559
3	50002376	70
3	50002377	192
3	50002371	5
3	50002374	31
3	50002367	75
3	50002368	124
3	50002360	147
12	P072010B	2
12	P072017C	2
10	M7530094	13
10	M7530093	13
10	M7530092	16
10	M7530091	19
10	M7530069	4
10	M7530068	1
10	M7530067	9
10	M7530059	3
10	M7530055	2
10	M7530052	486
10	M7530089	4
10	M7530085	2
10	M7530079	2
10	M7530070	46
10	M7530074	13
12	P083089B	1
12	P083088B	1
3	50002460	81
3	50002464	23
3	50002465	24
3	50002482	8
3	50002490	172
3	50002491	52
3	50002494	59
3	50002499	80
10	M7800200	2
3	50002408	186
3	50002400	17
3	50002402	97
3	50002416	26
3	50002413	15
3	50002415	109
3	50002426	12
3	50002423	11
3	50002421	296
3	50002422	128
3	50002420	247
3	50002427	217
3	50002431	45
3	50002448	18
3	50002449	811
3	50002451	59
12	P071001B	12
3	50002617	9
3	50002615	35
3	50002612	2
3	50002613	103
3	50002603	147
9	8908266L	5
10	M762A101	3
12	P062062B	2
12	P062064C	1
3	50002582	30
3	50002583	11
3	50002589	159
3	50002588	126
3	50002584	16
3	50002586	31
3	50002594	365
3	50002592	3
3	50002590	64
3	50002599	56
3	50002598	22
3	50002596	573
12	P083083B	1
10	70265	6
12	P071006C	1
10	70266	882
10	70261	32
10	70260	3
3	50002503	21
3	50002501	80
12	P083082B	3
3	50002512	321
3	50002511	1611
3	50002519	17
12	P083081B	31
3	50002518	10
12	P083080B	1
3	50002564	15
3	50002563	11
3	50002569	61
3	50002566	46
3	50002567	326
3	50002560	218
3	50002573	309
3	50002578	119
3	50002547	21
3	50002553	10
3	50002554	2412
3	50002712	8
3	50002703	24
3	50002704	234
3	50002706	190
3	50002707	37
3	50002708	28
3	50002709	52
9	77997	1
9	77990	11
3	50002660	526
3	50002667	27
3	50002661	762
3	50002671	1
3	50002670	104
10	M7800001	1
10	M7800002	12
10	M7800003	7
3	50002686	97
3	50002683	369
3	50002689	65
3	50002690	3
3	50002692	36
3	50002694	40
3	50002626	703
3	50002625	56
3	50002623	2
3	50002658	521
3	50002651	68
12	P083097B	3
3	50002820	22
12	P070206C	1
12	P070204B	3
10	70418	1528
10	70417	210
10	70416	113
10	70415	279
10	70413	1
10	70412	1
10	70422	56
10	70421	40
3	50002780	11
3	50002798	1
3	50002793	7
3	50002763	226
3	50002762	812
3	50002761	24
3	50002760	27
3	50002765	150
3	50002768	99
3	50002773	22
3	50002775	100
3	50002778	83
3	50002745	29
3	50002753	30
3	50002752	87
3	50002751	19
3	50002757	116
12	P083049B	9
12	P083046B	22
12	P083041B	15
12	P083044B	2
12	P064003C	1
3	50002965	20
12	P064005B	1
12	P083040B	2
3	50002968	445
3	50002974	114
3	50002972	83
3	50002971	15
3	50002970	4
3	50002978	2
12	P083039B	3
12	P083038C	3
12	P083036C	1
10	M7637601	1
10	M7637605	7
10	M7637604	5
10	M7637607	3
10	M7637606	3
12	P064001B	1
3	50002995	23
3	50002991	13
3	50002993	52
3	50002990	203
3	50002985	84
3	50002988	9
12	82183058	2
10	992SO606	1
12	P083069B	1
24	00Q1RICU	114
12	P071012B	2
10	70158	15
12	P071014B	2
12	P071019B	2
10	M709AU85	2
10	74507	2
12	P083052C	1
12	P083051B	5
12	P071023B	1
12	P083055B	1
10	70072	144
10	70083	6037
10	70085	3183
10	70082	5998
10	70040	22
10	70047	63
10	70037	4
10	70039	225
10	70038	49
10	70022	1
10	70011	111
10	70013	5248
10	70014	43
10	70016	6923
10	70002	2874
10	70001	38
10	70000	4
10	70005	8668
10	70006	7415
10	70004	10585
10	70009	320
10	70007	2011
10	70008	88
10	74580	4
10	74583	1
10	M7001601	2223
12	P073030B	1
10	M709D005	14
12	P074206B	1
10	M7001702	200
10	M7001703	6
10	M7001701	804
10	M7001732	29
10	M7001731	5
10	75115	3
10	M7001709	14
10	M7001722	229
10	M7001721	14
10	M7001724	12
12	P074201C	2
10	75125	1
10	75124	33
10	75138	13
10	75133	10
12	P073043B	2
12	P073045B	2
12	P073044B	8
10	M7510083	1
10	M7510076	1
10	M7510075	1
10	M7510073	1
10	M7510072	1
10	M7510079	2
10	M7510078	1
10	M7510060	239
10	M7510068	34
12	P073014B	1
10	M7510091	1
10	M7510006	1
10	M7510008	524
10	M7510045	238
10	M7510042	3
12	P073013B	1
10	M7510030	3
12	P073012B	1
12	P073011B	1
10	M7510011	1
10	M7510010	4
12	P073010B	4
10	75339	5
10	75336	15
10	M7810801	5
10	75302	9
12	P068003B	2
12	P073020C	5
12	P073023B	1
12	P073022B	202
10	M7510130	175
12	P068001B	4
24	00Q1CICU	5
10	M709CB01	3
10	M709CB02	13
10	M7632501	7
10	M7071901	1
10	M7071936	1
10	M7001960	27
10	M7001961	3885
10	M7001950	2625
10	M7001930	1
10	M7370029	243
10	M7370049	1
10	M7370061	2
10	M7370051	29
10	M7630285	1
10	M7630283	1
10	M7630246	2
10	M7630245	1
10	M7630241	1
10	M7630256	1
10	M7630251	1
10	M7630267	1
10	M77848S1	24
10	M7630213	1
10	M7630231	1
10	M7630222	32
24	00042ND	1
10	M7624813	1
10	M7083901	135
10	000921EF	1
12	P066032B	18
12	P066026B	1
12	P066023B	3
12	P066028B	2
10	M7570F01	2
12	P066019B	1
12	P066016B	2
10	M7654102	10
12	P066018B	2
12	P066017B	11
12	P066013B	2
10	M7620098	1
10	M7620051	2
10	M7620053	1
10	M7620055	2
10	M7620041	1
10	M7620072	40
10	M7620071	1
10	M7620073	1
10	M7620076	1
10	M7620062	3
10	M7620069	2
10	M7620018	1
10	M7620017	1
10	M7620004	95
10	M7620036	1
10	M7620031	5
10	M7620032	5
10	M7620030	6
10	M7620025	1
10	M7620024	1
12	P080205B	2
12	P066008B	2
12	P066003B	1
12	P073001B	11
10	M7370601	4
10	M7620161	1
12	P073008B	1
10	M7620138	1
10	M7620115	6
12	P073005B	1
10	M7091001	1
10	M7091004	10
12	P073002B	6
12	P073003B	3
10	M7533901	17
10	M77800CP	1
12	92280936	1
10	M762BJ66	2
12	P074211B	1
12	P074213B	1
12	P086008C	7
10	M7620300	2
10	M7087815	33
10	M7001045	292
10	M7001046	44
10	M7001041	6771
10	M7001042	949
10	M7001043	3706
10	M7001044	2
10	M762BK83	35
12	P064164B	5
3	50003135	196
3	50003132	191
3	50003130	48
3	50003145	12
3	50003148	63
3	50003149	50
3	50003142	72
3	50003141	188
10	M7171006	37
3	50003119	34
3	50003116	74
3	50003112	193
3	50003111	1
10	M7171014	2
10	M7171010	29
10	M7171011	1
3	50003128	157
3	50003123	216
3	50003124	40
3	50003125	64
3	50003120	120
3	50003122	240
12	P064162B	3
12	P064163B	1
3	50003106	3
3	50003107	42
3	50003100	1
10	M709LF01	1
24	00Q1BUCU	3
3	50003193	235
3	50003192	53
3	50003195	722
3	50003197	347
3	50003190	68
3	50003173	1464
3	50003162	269
3	50003160	24
3	50003165	27
3	50003163	31
3	50003169	214
3	50003167	9
10	M7090902	1
3	50003151	28
3	50003153	10
3	50003154	62
3	50003233	84
3	50003249	122
3	50003245	1
3	50003241	35
3	50003243	4
3	50003257	2049
3	50003258	460
3	50003256	86
3	50003259	11
3	50003250	42
3	50003252	2
3	50003208	333
3	50003205	361
3	50003207	302
3	50003219	9
3	50003211	473
3	50003218	84
3	50003216	15
3	50003215	6
3	50003210	46
3	50003223	5
3	50003225	40
10	M7400027	1
10	M7400011	2
10	M7400010	2
10	M7400005	22
10	M7170003	4
10	M7170014	6
10	M7170013	4
10	M7170018	7
10	M7170020	419
10	M7170023	26
10	M7170041	1
10	M7170048	771
10	M7170066	597
10	M7170067	22
10	M7170078	1
10	M7170073	106
10	M7170072	30
10	M7170084	36
3	50003001	40
3	50003006	584
3	50003009	11
3	50003003	97
3	50003004	14
3	50003014	11
12	P064170B	16
3	50003024	634
3	50003026	6
3	50003027	42
3	50003049	20
3	50003048	225
3	50003047	251
3	50003041	437
3	50003035	377
3	50003039	82
3	50003030	36
3	50003034	26
3	50003068	134
3	50003058	14
3	50003057	15
3	50003053	131
3	50003050	31
3	50003083	176
3	50003082	31
3	50003089	72
3	50003086	80
3	50003071	121
3	50003074	23
3	50003077	33
3	50003099	18
3	50003094	442
3	50003599	21
3	50003596	116
3	50003594	5
3	50003595	18
3	50003592	4
3	50003585	2
3	50003580	21
10	M7090512	5
3	50003582	1099
3	50003584	38
3	50003583	279
3	50003576	10
3	50003577	182
3	50003578	168
3	50003579	23
3	50003571	9
3	50003567	134
3	50003565	27
3	50003559	9
3	50003556	18
3	50003554	19
3	50003555	18
3	50003552	1
3	50003551	45
3	50003550	33
12	P075404B	1
3	50003549	29
3	50003548	1
3	50003546	361
3	50003538	101
3	50003531	35
3	50003533	85
3	50003532	16
3	50003534	416
3	50003528	95
3	50003521	1
3	50003519	27
3	50003513	155
3	50003512	12
3	50003514	59
3	50003510	10
3	50003503	3
3	50003504	15
3	50003501	115
3	50003502	294
3	50003508	4
3	50003505	87
9	86543011	1
3	50003688	390
12	P064197C	1
3	50003687	661
3	50003675	1477
3	50003676	1
3	50003697	216
3	50003695	23
3	50003699	103
3	50003694	877
3	50003692	19
3	50003646	131
3	50003644	43
3	50003643	3
3	50003641	1
3	50003636	377
3	50003635	4
3	50003632	48
3	50003638	245
3	50003637	494
3	50003662	86
3	50003652	7
3	50003653	19
3	50003655	126
3	50003657	335
3	50003604	1
3	50003600	455
3	50003601	28
3	50003626	1283
3	50003624	37
3	50003623	117
3	50003708	9
10	M7100005	1
3	50003704	38
10	M7100006	3
10	M7100007	2
10	M7100008	1
10	M7100017	5
10	M7100030	55
10	M7100050	1
10	M7631100	46
3	50003341	16
3	50003350	62
3	50003482	444
3	50003488	181
3	50003479	159
3	50003492	11
3	50003490	53
3	50003496	409
3	50003493	277
3	50003499	26
3	50003497	1173
3	50003409	132
3	50003408	439
3	50003410	243
10	M709LN04	2
10	75917	147
10	75916	3
10	75915	16
10	75914	7
10	75965	57
10	M7171903	3
10	M7631648	3
3	50003951	191
3	50003958	183
3	50003969	3
10	M7170602	5
10	M757KR02	1
10	M7670102	41
10	M7670103	41
12	P075003B	1
12	P075005B	1
3	50003804	20
3	50003802	1
10	M763D101	2
3	50003808	97
3	50003809	3
3	50003829	2
3	50003826	88
3	50003824	81
3	50003821	22
10	M763D103	8
10	M763D102	2
3	50003816	173
3	50003712	31
3	50003711	85
3	50003710	2964
3	50003717	72
3	50003716	820
3	50003715	17
3	50003721	65
3	50003729	64
3	50003731	28
3	50003730	1
3	50003734	3
3	50003733	37
3	50003732	16
3	50003737	167
3	50003736	433
3	50003742	4
3	50003746	935
3	50003749	23
3	50003759	41
3	50003767	425
3	50003768	5
3	50003762	106
3	50003763	46
3	50003764	243
3	50003779	9
3	50003776	384
3	50003771	1342
3	50003784	88
3	50003786	1438
3	50003787	2655
3	50003788	5
3	50003781	37
3	50003792	92
3	50003798	74
3	50003795	814
3	50003796	16
10	M7670004	6
10	M7670003	13
10	M7670006	1
10	M7670005	2
10	M7670009	273
10	M7670013	54
10	M7670011	4
10	M7670015	1
10	M7534100	3
10	M7811301	4
10	M757KQ02	1
3	50003908	154
3	50003907	146
3	50003905	61
3	50003904	10
3	50003903	177
3	50003902	69
10	M7170804	1
10	M7170801	1
3	50003941	15
3	50003949	24
3	50003945	1293
3	50003931	17
3	50003933	1
3	50003938	72
3	50003935	9
3	50003925	9
3	50003926	21
3	50003923	212
3	50003927	7
3	50003909	3
3	50003910	147
3	50003911	21
3	50003913	392
3	50003857	43
3	50003850	49
3	50003854	4
3	50003869	8
3	50003863	1034
3	50003862	162
3	50003865	85
3	50003866	177
3	50003836	19
3	50003834	17
3	50003831	217
3	50003849	6
3	50003848	138
3	50003840	20
3	50003893	64
3	50003897	14
12	P075001B	1
3	50003892	12
3	50003890	28
3	50003874	5
3	50003879	74
3	50003886	110
3	50003880	339
10	M7596503	1
10	M7596504	61
12	P068024B	1
10	M7020000	173
10	M7020001	220
10	M709BZ05	11
10	M709BZ06	9
10	75624	27
10	75628	2
10	75629	12
10	75623	2
10	75620	36
10	75606	16
10	75607	1
10	75605	3
12	P068036B	6
10	75617	2
10	75619	1
10	M7673001	3
9	76368	1
10	M7170138	4
10	M7170119	5
10	M7170122	3
10	75670	2
10	75666	1
10	75667	2
10	75660	4
10	75669	182
10	75668	1
10	75722	44
10	75728	1
10	75723	1
12	P068049B	1
10	M7596105	1
10	M7636118	3
12	P064143B	2
10	M7570119	4
10	75808	1
10	M7636311	1
10	M7570193	1
10	M7570177	1
10	M7570184	1
10	M7570180	1
10	M7570207	1
10	75892	2
10	M7570220	1
10	M7570223	1
10	M7570224	11
10	M7570209	1
10	M7570214	12
10	M7570213	1
10	M7570212	12
10	M7570211	12
24	00Q12ND	4423
24	00Q12TB	25
10	M76724S1	20
10	M757HF02	1
12	P080801B	1
12	P080807B	1
3	92280944	4
24	00Q1CVDU	12
12	821CS003	8
12	P070001B	3
10	M7672401	254
3	50090110	31
3	50090113	71
3	50090115	21
3	50090114	1
3	50090100	516
3	50090103	17
3	50090102	63
3	50090062	25
3	50090074	1
3	50090072	2
3	50090071	567
3	50090076	916
3	50090075	781
3	50090041	30
3	50090055	1
3	50090025	20
3	50090027	21
3	50090018	6
3	50090035	37
3	50090030	114
3	50090001	9
3	50090002	2
3	50090005	66
3	50090011	276
3	50090013	8
3	50090008	33
3	50090088	2
3	50090098	7
3	50090099	101
3	50090091	12
3	50090094	96
12	9221CVH7	1
12	9221CVD0	46
10	M7785301	8
12	P075801C	2
10	M7570018	2
10	M7570022	2
10	M7570021	11
12	P075802B	1
10	M7570029	3
10	M7570036	1
12	P075805B	4
12	P075806B	1
10	M7570001	1
24	00Q14RD	7
24	0004SP-4	30
10	M7070110	3
10	M7070113	1
10	M7070107	1
10	000717A1	4
24	00Q1PICU	2
12	P078604B	1
10	0007172D	13
10	M7175301	8
10	0007172C	9
10	0007171T	14
10	0007171U	14
10	0007171R	6
10	0007171G	20
10	0007171F	3
10	78008	13
10	78007	40
10	M7781512	1
10	M7627402	1
10	M7627400	1
10	M7627406	4
12	P084018B	1
10	M7002501	189
10	M7175101	55
12	P077028B	1
12	P077027B	1
10	M7514231	47
10	M7514245	449
10	M7514219	1
12	P063010C	1
12	P063001B	2
12	P063003B	1
10	M7623101	3
9	M7001223	13
9	M7001221	5
9	890RH141	9
10	M709PM07	1
9	890RH139	4
10	M7627903	2
10	M7781902	1
10	M7566307	11
10	M7566309	38
10	M7566303	67
10	M7566305	38
10	M7513304	13
10	M7513305	15
10	M7090056	3
10	M7090041	3
10	M7550001	3
10	M7550009	1
10	M7550005	2
10	M7513406	16
10	M7550015	16
10	M7550010	9
10	M7550013	3
10	M7550012	5
10	M7090069	1
10	78127	5
10	78121	4
10	78110	18
10	78111	1
10	78131	8
10	78161	1
10	78166	2
12	88871219	1
12	P071213B	84
12	P071215B	1
10	M7802427	278
12	P071210B	1
12	P071211B	3
12	P070401B	1
12	P071219B	1
10	M7585005	2
10	M7585007	2
10	M7585008	2
12	P071224B	73
10	M7585019	1
12	P071222B	4
12	P071220B	1
12	P071221B	1
12	P070416B	14
12	P070417B	16
12	P070414B	5
12	P070415B	5
10	000762AC	6
10	M7562931	8
10	M7562932	1
10	000763A3	1
10	M7639002	1
10	0007631W	1
10	0007631L	1
10	0007631K	53
10	0007631M	1144
12	P070404B	2
12	P070405B	1
12	P070406B	2
12	P070407B	1
12	P070408B	1
12	P070409B	2
10	0007620X	3
10	0007620L	6
10	0007620K	2
12	P071205B	1
10	0007621L	5
12	P070411B	3
12	P071209B	10
10	M7716804	2
10	M7179002	11
12	P082004B	6
12	P082005B	1
3	50000209	1964
3	50000229	40
3	50000220	132
3	50000253	8
3	50000240	390
12	P085206C	1
3	50000267	77
3	50000286	304
10	M7562201	124
3	50000313	44
3	50000315	4
3	50000316	2
3	50000347	14
3	50000333	1241
3	50000390	507
3	50000394	1169
3	50000397	2
3	50000398	18
3	50000386	149
3	50000387	41
3	50000389	5403
3	50000371	146
3	50000378	29
12	P082016B	1
12	82185608	61
10	M7652948	129
10	M757HL40	1
9	70710	3
9	70711	1
9	70712	2
9	70706	5
9	70705	12
9	70703	15
12	P064259B	1
3	50000426	123
3	50000438	62
3	50000436	99
3	50000437	42
3	50000481	49
10	M7562060	19
3	50000457	521
3	50000451	23
3	50000441	511
3	50000469	46
10	M7639900	1
12	P064245C	3
3	50000529	18
12	P064246B	1
3	50000543	469
3	50000556	4631
3	50000559	930
3	50000512	161
3	50000599	10
3	50000583	26
3	50000582	547
3	50000568	977
3	50090138	57
3	50090127	324
3	50090135	69
3	50090134	67
3	50090131	8
3	50090130	210
3	50090133	33
3	50090126	5
3	50090125	12
3	50090124	152
3	50090123	2
3	50090121	24
3	50000665	28
3	50000672	2
3	50000645	4
3	50000649	154
3	50000650	12
3	50000653	30
12	P064239B	5
3	50000630	811
3	50000604	33
3	50000608	71
3	50000607	341
3	50000609	339
12	P064238B	1
3	50000619	6
12	P065063B	1
10	M7656801	474
3	50000083	14
3	50000085	12
3	50000040	454
3	50000050	237
3	50000057	87
3	50000055	3430
3	50000066	6
3	50000078	54
3	50000014	14
3	50000013	2811
3	50000022	14
3	50000020	112
3	50000033	560
3	50000034	29
12	P064201B	1
12	P064204B	6
12	P064206B	11
10	0007798A	2
12	P064205B	4
12	P064208C	6
12	P064207B	4
3	50000181	798
3	50000183	319
3	50000184	102
3	50000197	8
3	50000160	66
3	50000178	56
3	50000148	115
3	50000140	50
3	50000126	917
3	50000120	1232
3	50000132	1
3	50000109	48
3	50000113	107
3	50000119	16
10	000709CM	1
10	000709D1	15
10	000709EX	4
10	77498	1
9	70074	1
10	000709B1	3
12	P074411C	1
10	000709K7	43
10	0007091G	1
10	0007091E	22
10	M7572701	5
24	00Q1RCC	29
24	00Q1RCU	375
10	M7512190	73
10	M7310053	1
10	M7310050	1
10	M7310015	1
10	M7310006	1
10	M7310001	2
10	M7030645	1
9	70012	5
12	P074401C	1
10	77837	4
10	77848	5
10	77876	23
10	77875	7
10	77874	5
10	77873	33
3	50000953	2
3	50000944	69
3	50000924	56
3	50000991	1
3	50000975	769
12	P085407C	1
10	77717	3
10	M7026503	11
3	50000808	2517
3	50000804	30
3	50000806	4015
3	50000820	1275
3	50000828	4
24	00Q1SP-A	3
24	00Q1SP-4	2228
24	00Q1SP-2	355
3	50000885	11
3	50000855	22
3	50000848	757
12	P074002B	1
3	50000878	434
3	50000879	236
3	50000866	168
12	P074004B	3
24	00Q1SNCU	1
