118712772-102620121182012,2,0,11,0,0,13,null00Q12ND1|2,00Q1SP-4|11,,,
103353045-43020135192013,0,0,19,0,0,19,00Q1SP-4|19,,,,
107793156-72720128132012,16,0,0,1,0,17,00Q12ND1|12,00Q12NDC|4,00Q1RCU|1,,
72210072-61220116222011,0,0,9,1,0,10,00Q1RICU|1,00Q1SP-4|9,,,
116080218-102720111182011,0,0,12,0,0,12,00Q1SP-4|12,,,,
114190047-11920111262011,0,1,6,0,0,7,00Q12ND|1,00Q1SP-4|6,,,
113564997-31620113252011,0,0,8,1,0,9,00Q1RICU|1,00Q1SP-4|8,,,
111814326-2010118201021,0,4,8,2,0,14,00Q12ND|4,00Q1RCU|2,00Q1SP-4|8,,
53977125-72720148192014,23,0,0,0,0,23,00Q12ND1|23,,,,
66546357-8320118172011,0,0,14,0,0,14,00Q1SP-4|14,,,,
13564413-5720145172014,10,0,0,0,0,10,00Q12ND1|10,,,,
111682758-4272010552010,0,2,5,1,1,9,0004SP-4|1,00Q12ND|2,00Q1RCU|1,00Q1SP-4|5,
99671661-31420113272011,0,13,0,0,0,13,00Q12ND|4,00Q12NDE|9,,,
116104302-1010201110172011,0,7,0,0,0,7,00Q12ND|7,,,,
112317774-5192010612010,0,11,0,2,0,13,00Q12ND|11,00Q1RCU|1,00Q1RICU|1,,
90615819-1128201312122013,0,0,14,0,0,14,00Q1SP-2|7,00Q1SP-4|7,,,
97382049-6202013742013,0,0,14,0,0,14,00Q1SP-2|14,,,,
19624785-41720134242013,0,0,6,1,1,8,0004SP-2|1,00Q1RCU|1,00Q1SP-2|6,,
3548262-5320125172012,0,0,14,0,0,14,00Q1SP-4|14,,,,
89813121-1017201110262011,0,0,9,0,1,10,0004SP-4|1,00Q1SP-4|9,,,
63566508-72820128222012,0,0,17,8,1,26,0004SP-4|1,00Q1ICU|6,00Q1RCU|2,00Q1SP-4|17,
69535716-91820111022011,0,0,14,0,0,14,00Q1SP-4|14,,,,
116863806-32920124112012,0,0,13,0,0,13,00Q1SP-4|13,,,,
113486382-113020101292010,0,0,9,0,0,9,00Q1SP-4|9,,,,
98563428-1120131122013,11,0,0,0,0,11,00Q12ND1|11,,,,
101065668-71720117242011,0,7,0,0,0,7,00Q12ND|7,,,,
114316584-1017201410252014,0,2,6,0,0,8,00Q12ND|2,00Q1SP-4|6,,,
111260343-1214201012232010,0,1,7,1,0,9,00Q12ND|1,00Q1RICU|1,00Q1SP-4|7,,
112891089-102520101172010,0,0,13,0,0,13,00Q1SP-4|13,,,,
112370817-4262010592010,0,0,13,0,0,13,00Q1SP-4|13,,,,
122378283-112014192014,0,0,8,0,0,8,00Q1SP-4|8,,,,
85283511-7620117272011,0,21,0,0,0,21,00Q12ND|21,,,,
114191034-12620111312011,0,3,1,1,0,5,00Q12ND|3,00Q1RCU|1,00Q1SP-4|1,,
102066150-112320141272014,0,0,13,1,1,15,0004SP-4|1,00Q1RICU|1,00Q1SP-4|13,,
123510450-7420147132014,8,0,0,1,0,9,00Q12ND1|8,00Q1RCU|1,,,
118150044-73020128182012,0,0,18,1,0,19,00Q1RICU|1,00Q1SP-4|18,,,
120933186-8920138182013,8,0,0,1,0,9,00Q12ND1|8,00Q1RCU|1,,,
120088182-3202013492013,7,0,13,0,0,20,00Q12ND1|1,00Q12NDB|6,00Q1SP-2|13,,
119778240-3520133142013,9,0,0,0,0,9,00Q12ND1|9,,,,
124866825-91720149292014,6,0,5,1,0,12,00Q12ND1|6,00Q1RCU|1,00Q1SP-2|5,,
14010873-4720144172014,9,0,0,1,0,10,00Q12ND1|9,00Q1RCU|1,,,
11771814-3520143142014,9,0,0,0,0,9,00Q12ND1|9,,,,
117482313-51020125232012,1,0,12,0,0,13,00Q12NDB|1,00Q1SP-4|12,,,
48184860-31320133262013,0,0,13,0,0,13,00Q1SP-2|13,,,,
119312052-1211201212222012,0,0,11,0,0,11,00Q1SP-4|11,,,,
40611537-6232011752011,0,12,0,0,0,12,00Q12ND|12,,,,
121381254-8320138292013,14,0,0,12,0,26,00Q12ND1|14,00Q1RCU|11,00Q1RICU|1,,
9682503-7620147172014,0,0,11,0,0,11,00Q1SP-4|11,,,,
73566243-103120121162012,6,0,0,0,0,6,00Q12ND1|6,,,,
117611892-52220126132012,0,0,22,0,0,22,00Q1SP-4|22,,,,
111369816-20091219201015,0,0,16,1,1,18,0004SP-4|1,00Q1RCU|1,00Q1SP-4|16,,
84775674-115201411122014,0,0,7,0,0,7,00Q1SP-2|7,,,,
76560348-21220142232014,5,0,6,0,0,11,00Q12ND1|5,00Q1SP-2|6,,,
71396430-1128201312192013,12,0,9,0,0,21,00Q12ND1|6,00Q12NDV|6,00Q1SP-4|9,,
122885232-71520147252014,0,0,10,0,0,10,00Q1SP-4|10,,,,
115878204-1420121202012,0,0,16,0,0,16,00Q1SP-4|16,,,,
35019558-128201312212013,0,0,12,1,0,13,00Q1RCU|1,00Q1SP-2|4,00Q1SP-4|8,,
120742770-102220131132013,0,0,12,0,0,12,00Q1SP-4|12,,,,
49104207-1118201412242014,3,0,19,2,0,24,00Q12ND1|2,00Q12NDB|1,00Q1RCU|1,00Q1RICU|1,00Q1SP-2|19
95685999-8292011982011,0,0,9,1,0,10,00Q1RICU|1,00Q1SP-4|9,,,
113924466-91620149242014,7,0,0,1,0,8,00Q12ND1|7,00Q1RCU|1,,,
121524177-91620139282013,0,0,12,0,0,12,00Q1SP-4|12,,,,
117466704-71620129172012,0,0,47,16,0,63,00Q1ICU|15,00Q1RICU|1,00Q1SP-4|47,,
113227479-8292010992010,0,0,11,0,0,11,00Q1SP-4|11,,,,
117911703-81820128262012,7,0,0,1,0,8,00Q12ND1|7,00Q1RCU|1,,,
117608337-51120125292012,0,0,18,0,0,18,00Q1SP-4|18,,,,
100093446-4232010542010,0,0,10,1,1,12,0004SP-4|1,00Q1RCU|1,00Q1SP-4|10,,
96672012-6262012752012,0,0,8,1,0,9,00Q1RCU|1,00Q1SP-4|8,,,
88889715-102620121162012,0,0,11,0,0,11,00Q1SP-4|11,,,,
115209279-31320123312012,0,0,17,1,1,19,0004SP-4|1,00Q1RCU|1,00Q1SP-4|17,,
125127927-1114201411222014,7,0,0,1,0,8,00Q12ND1|7,00Q1RCU|1,,,
113235864-82020101032010,0,0,44,0,0,44,00Q1SP-2|8,00Q1SP-4|36,,,
14232549-11320141232014,0,0,10,0,0,10,00Q1SP-4|10,,,,
116763609-132012182012,0,0,5,0,0,5,00Q1SP-4|5,,,,
52241139-20101122010119,0,6,0,1,0,7,00Q12ND|6,00Q1RCU|1,,,
113403918-125201012212010,0,16,0,0,0,16,00Q12ND|16,,,,
113138259-92720111082011,0,11,0,0,0,11,00Q12ND|11,,,,
41449197-1217201312252013,8,0,0,0,0,8,00Q12ND1|8,,,,
49472397-8282012952012,3,0,4,1,0,8,00Q12ND1|3,00Q1RCU|1,00Q1SP-4|4,,
107249976-123120111122012,0,0,12,0,0,12,00Q1SP-4|12,,,,
124479315-92320141022014,8,0,0,1,0,9,00Q12ND1|8,00Q1RCU|1,,,
68132928-112220131232013,0,0,11,0,0,11,00Q1SP-2|11,,,,
90473289-12620122142012,0,0,19,0,0,19,00Q1SP-4|19,,,,
37504404-1116201311282013,12,0,0,0,0,12,00Q12ND1|12,,,,
97945971-53020136112013,0,0,12,0,0,12,00Q1SP-4|12,,,,
34169697-929201010122010,0,13,0,0,0,13,00Q12ND|13,,,,
120679698-61920136252013,0,0,6,0,0,6,00Q1SP-2|6,,,,
39602895-22820123242012,0,0,25,0,0,25,00Q1SP-4|25,,,,
53223948-929201010142010,0,15,0,0,0,15,00Q12ND|15,,,,
120526161-52220136192013,0,0,28,0,0,28,00Q1SP-4|28,,,,
58292823-11420111252011,0,11,0,0,0,11,00Q12ND|11,,,,
123644574-106201410132014,6,0,0,1,0,7,00Q12ND1|6,00Q1RICU|1,,,
38207169-8272014932014,6,0,0,1,0,7,00Q12ND1|6,00Q1RCU|1,,,
118532214-8420138132013,0,0,8,1,0,9,00Q1RICU|1,00Q1SP-4|8,,,
114324792-11420111272011,0,13,0,0,0,13,00Q12ND|13,,,,
100560705-928201110272011,19,10,0,0,0,29,00Q12ND|10,00Q12NDB|19,,,
69024579-3120133122013,0,0,11,0,0,11,00Q1SP-2|11,,,,
115520754-7292011862011,0,8,0,0,0,8,00Q12ND|8,,,,
99199416-3720133192013,11,0,0,1,0,12,00Q12ND1|11,00Q1RCU|1,,,
124200846-9220149102014,7,0,0,1,0,8,00Q12ND1|7,00Q1RCU|1,,,
56216220-1011201010182010,0,0,7,0,0,7,00Q1SP-4|7,,,,
5062002-31220133202013,7,0,0,1,0,8,00Q12ND1|7,00Q1RCU|1,,,
100392684-8420108122010,0,8,0,0,0,8,00Q12ND|8,,,,
2554215-20091217201016,0,20,0,0,0,20,00Q12ND|20,,,,
82512504-1221201012312010,0,6,3,1,0,10,00Q12ND|6,00Q1RCU|1,00Q1SP-4|3,,
123182019-5212014642014,0,0,14,0,0,14,00Q1SP-4|14,,,,
47944437-11720121212012,0,0,24,0,0,24,00Q1SP-4|24,,,,
123342990-6420146172014,1,0,12,0,0,13,00Q12ND1|1,00Q1SP-4|12,,,
63790530-82520149242014,0,0,30,0,0,30,00Q1SP-4|30,,,,
115670238-98201110202011,0,39,0,3,0,42,00Q12ND|39,00Q1RCU|3,,,
52016133-41320114262011,0,13,0,0,0,13,00Q12ND|13,,,,
112614714-9520109162010,0,0,10,1,1,12,0004SP-4|1,00Q1RCU|1,00Q1SP-4|10,,
5706309-21520112232011,0,0,8,0,0,8,00Q1SP-4|8,,,,
95112438-92420131092013,0,0,15,0,0,15,00Q1SP-2|15,,,,
92901291-102320141112014,9,0,0,0,0,9,00Q12ND1|9,,,,
109737624-4120124162012,0,7,8,0,0,15,00Q12ND|7,00Q1SP-4|8,,,
64632537-52620106102010,0,0,14,1,0,15,00Q1RCU|1,00Q1SP-4|14,,,
114095145-21020112262011,0,15,0,1,0,16,00Q12ND|15,00Q1RICU|1,,,
113576937-2212011392011,0,0,16,0,0,16,00Q1SP-4|16,,,,
59234040-71620137222013,5,0,0,1,0,6,00Q12ND1|5,00Q1RCU|1,,,
114862659-51220115272011,0,0,14,1,0,15,00Q1RICU|1,00Q1SP-4|14,,,
9994920-114201211132012,0,0,9,0,0,9,00Q1SP-2|9,,,,
38842482-127201012172010,0,10,0,0,0,10,00Q12ND|10,,,,
106019316-71820107302010,0,12,0,0,0,12,00Q12ND|12,,,,
90303324-282012442012,3,0,52,1,0,56,00Q12NDC|3,00Q1RICU|1,00Q1SP-2|19,00Q1SP-4|33,
123842220-8312014992014,8,0,0,1,0,9,00Q12ND1|8,00Q1RICU|1,,,
20810508-81020148212014,3,0,7,1,0,11,00Q12ND1|3,00Q1RCU|1,00Q1SP-2|7,,
111475758-13020132122013,0,0,13,0,0,13,00Q1SP-2|4,00Q1SP-4|9,,,
70566564-112920111262011,6,0,0,1,0,7,00Q12ND|6,00Q1RCU|1,,,
59495526-1222014272014,0,0,15,1,1,17,0004SP-4|1,00Q1RCU|1,00Q1SP-2|9,00Q1SP-4|6,
91816266-5292011692011,0,1,10,0,0,11,00Q12ND|1,00Q1SP-4|10,,,
119707878-31520133272013,0,0,11,1,1,13,0004SP-2|1,00Q1RCU|1,00Q1SP-2|11,,
48887178-20101292010217,0,0,19,0,0,19,00Q1SP-4|19,,,,
107103696-91020139232013,0,0,13,0,0,13,00Q1SP-4|13,,,,
5902605-53120116112011,0,0,11,0,0,11,00Q1SP-4|11,,,,
121983171-1023201311112013,13,6,0,0,0,19,00Q12ND1|13,00Q12NDV|6,,,
114360672-312011392011,0,0,7,1,1,9,0004SP-4|1,00Q1RCU|1,00Q1SP-4|7,,
18692160-2242011382011,0,12,0,0,0,12,00Q12ND|12,,,,
15095556-91720121072012,19,0,0,1,0,20,00Q12ND1|19,00Q1RCU|1,,,
113960907-1216201012302010,0,0,14,0,0,14,00Q1SP-4|14,,,,
112046667-1820131182013,0,0,10,0,0,10,00Q1SP-2|10,,,,
31268916-9520139162013,0,0,11,0,0,11,00Q1SP-4|11,,,,
62552421-83120119202011,0,20,0,0,0,20,00Q12ND|20,,,,
97202037-632012692012,3,0,0,3,0,6,00Q12ND1|3,00Q1RCU|3,,,
71617059-7242010882010,0,0,14,1,0,15,00Q1RCU|1,00Q1SP-4|14,,,
107423787-9220109222010,0,15,0,5,0,20,00Q12ND|15,00Q1RCU|4,00Q1RICU|1,,
105391920-9820109182010,10,0,0,0,0,10,00Q12NDB|10,,,,
71319714-114201411232014,5,0,13,1,1,20,0004SP-2|1,00Q12ND1|5,00Q1RCU|1,00Q1SP-2|13,
111787971-2010121201028,0,5,12,1,0,18,00Q12ND|5,00Q1RCU|1,00Q1SP-4|12,,
107580849-31920123282012,0,1,8,0,0,9,00Q12ND|1,00Q1SP-4|8,,,
73621683-32920124112012,0,0,13,0,0,13,00Q1SP-4|13,,,,
111808086-8720138142013,0,0,6,1,1,8,0004SP-4|1,00Q1RCU|1,00Q1SP-4|6,,
54384774-2142011332011,0,0,14,3,0,17,00Q1RCU|3,00Q1SP-4|14,,,
115593183-71320117212011,0,8,0,0,0,8,00Q12ND|8,,,,
74122020-8720138142013,6,1,0,0,0,7,00Q12ND1|6,00Q12NDV|1,,,
63588084-2010242010216,0,5,7,0,0,12,00Q12ND|5,00Q1SP-4|7,,,
114066744-41320114262011,0,5,8,0,0,13,00Q12ND|5,00Q1SP-4|8,,,
97269318-31720123242012,0,7,0,0,0,7,00Q12ND|7,,,,
47356824-6320106112010,0,0,8,0,0,8,00Q1SP-4|8,,,,
71238768-7420137132013,0,0,8,1,0,9,00Q1RCU|1,00Q1SP-4|8,,,
113396160-1011201010232010,0,0,12,0,0,12,00Q1SP-4|12,,,,
82746864-1028201111102011,0,3,10,0,0,13,00Q12ND|3,00Q1SP-4|10,,,
81960084-1016201010242010,0,0,7,1,1,9,0004SP-4|1,00Q1RCU|1,00Q1SP-4|7,,
74906751-1211201212182012,7,0,0,0,0,7,00Q12ND1|7,,,,
105137514-8142014982014,16,9,0,0,0,25,00Q12ND1|16,00Q12NDV|9,,,
115982451-41220124262012,0,14,0,0,0,14,00Q12ND|14,,,,
104202066-1019201110242011,0,1,3,1,1,6,00042ND|1,00Q12ND|1,00Q1RCU|1,00Q1SP-4|3,
118233009-1720131142013,0,0,7,0,0,7,00Q1SP-2|7,,,,
19290246-5720125162012,0,0,9,0,0,9,00Q1SP-4|9,,,,
82749399-3920143152014,0,0,6,0,0,6,00Q1SP-2|6,,,,
17216028-3242011492011,1,0,13,2,2,18,0004SP-4|2,00Q12ND|1,00Q1RCU|2,00Q1SP-4|13,
123274422-3262014442014,1,0,8,0,0,9,00Q12ND1|1,00Q1SP-4|8,,,
84979389-22720143202014,18,0,0,3,0,21,00Q12ND1|18,00Q1RCU|3,,,
112110414-3222011472011,0,16,0,0,0,16,00Q12ND|16,,,,
119377899-3120133112013,0,0,10,0,0,10,00Q1SP-2|10,,,,
111681432-8112010912010,0,0,20,1,1,22,0004SP-4|1,00Q1RCU|1,00Q1SP-4|20,,
116692434-62220126292012,0,0,6,1,1,8,0004SP-4|1,00Q1RCU|1,00Q1SP-4|6,,
120419679-5222013652013,12,0,0,2,0,14,00Q12ND1|6,00Q12NDB|6,00Q1RCU|2,,
123394698-51420145232014,0,0,9,0,0,9,00Q1SP-2|9,,,,
114908199-7120117132011,0,0,11,1,1,13,0004SP-4|1,00Q1RCU|1,00Q1SP-4|11,,
55944171-102201410112014,9,0,0,0,0,9,00Q12ND1|9,,,,
124380693-8620148152014,0,0,9,0,0,9,00Q1SP-4|9,,,,
119763222-21720132262013,1,0,8,0,0,9,00Q12ND1|1,00Q1SP-2|8,,,
6033150-12120141282014,6,0,0,1,0,7,00Q12ND1|6,00Q1RCU|1,,,
104170884-2202014362014,0,0,14,0,0,14,00Q1SP-4|14,,,,
114670740-8182011912011,0,14,0,0,0,14,00Q12ND|14,,,,
114397212-5620115182011,0,12,0,0,0,12,00Q12ND|12,,,,
112497720-92120111042011,0,13,0,0,0,13,00Q12ND|13,,,,
38177802-3182010412010,0,2,12,0,0,14,00Q12ND|2,00Q1SP-4|12,,,
105445299-91120109262010,0,2,12,1,0,15,00Q12ND|2,00Q1RCU|1,00Q1SP-4|12,,
58174770-91420111042011,0,0,20,0,0,20,00Q1SP-4|20,,,,
77134398-5720145162014,1,0,8,0,0,9,00Q12ND1|1,00Q1SP-2|8,,,
95270505-119201111242011,13,0,0,2,0,15,00Q12ND|13,00Q1RCU|2,,,
114404361-6820116222011,0,0,14,0,0,14,00Q1SP-4|14,,,,
25248939-7420147142014,3,0,6,1,0,10,00Q12ND1|3,00Q1RCU|1,00Q1SP-2|6,,
69703740-1110201011242010,0,0,14,0,0,14,00Q1SP-4|14,,,,
39540534-3312014492014,8,0,0,1,0,9,00Q12ND1|8,00Q1RCU|1,,,
23230794-91120149222014,5,0,6,0,0,11,00Q12ND1|5,00Q1SP-2|6,,,
93183879-5720135152013,0,0,8,0,0,8,00Q1SP-2|1,00Q1SP-4|7,,,
98502930-1320111182011,0,0,14,1,0,15,00Q1RICU|1,00Q1SP-A|14,,,
8797428-1021201410272014,2,0,4,0,0,6,00Q12ND1|2,00Q1SP-2|4,,,
118561779-1012201210222012,9,0,0,1,0,10,00Q12ND1|9,00Q1RCU|1,,,
122061291-11920131242013,25,0,0,0,0,25,00Q12ND1|25,,,,
120742770-22120143112014,0,0,18,0,0,18,00Q1SP-4|18,,,,
91995318-20102232010314,0,18,0,1,0,19,00Q12ND|18,00Q1RCU|1,,,
77317629-61320126262012,0,0,13,0,0,13,00Q1SP-4|13,,,,
114401457-4202011532011,0,0,13,0,0,13,00Q1SP-4|13,,,,
73764936-31220123232012,0,11,0,0,0,11,00Q12ND|11,,,,
31741152-1113201211222012,8,0,0,1,0,9,00Q12ND1|8,00Q1RCU|1,,,
91348218-109201410192014,0,0,10,0,0,10,00Q1SP-4|10,,,,
71465343-72020147272014,7,0,0,0,0,7,00Q12ND1|7,,,,
116651094-1302012282012,0,9,0,0,0,9,00Q12ND|9,,,,
70596018-4820104212010,0,0,13,0,0,13,00Q1SP-4|13,,,,
114124578-71920117282011,0,9,0,0,0,9,00Q12ND|9,,,,
113632965-1031201011122010,0,0,12,0,0,12,00Q1SP-4|12,,,,
122283561-1213201312212013,8,0,0,0,0,8,00Q12ND1|7,00Q12NDB|1,,,
120608487-5920135232013,0,0,14,0,0,14,00Q1SP-4|14,,,,
107504217-53120106162010,0,15,0,1,0,16,00Q12ND|15,00Q1RCU|1,,,
123678285-7222014862014,7,0,8,0,0,15,00Q12ND1|7,00Q1SP-4|8,,,
85900728-1420111282011,0,24,0,0,0,24,00Q12ND|24,,,,
118537206-91020129242012,8,5,0,1,0,14,00Q12ND1|8,00Q12NDV|5,00Q1RCU|1,,
116599929-1212201112302011,0,2,15,1,2,20,0004SP-4|2,00Q12ND|2,00Q1RCU|1,00Q1SP-4|15,
43110165-62420127132012,19,0,0,0,0,19,00Q12ND1|19,,,,
68282688-41420114262011,0,0,12,0,0,12,00Q1SP-4|12,,,,
111375057-8320118132011,0,10,0,0,0,10,00Q12ND|10,,,,
2940723-930201211112012,42,0,0,0,0,42,00Q12ND1|42,,,,
98378814-41920134272013,0,0,7,1,1,9,0004SP-4|1,00Q1RCU|1,00Q1SP-4|7,,
107332464-8120108132010,0,0,12,0,0,12,00Q1SP-4|12,,,,
98472810-102320141142014,12,0,0,0,0,12,00Q12ND1|12,,,,
6784443-101201410152014,6,0,7,1,1,15,0004SP-2|1,00Q12ND1|6,00Q1RCU|1,00Q1SP-2|7,
117906993-6520146152014,0,0,10,0,0,10,00Q1SP-4|10,,,,
124388073-9920141022014,23,0,0,0,0,23,00Q12ND1|23,,,,
123659490-7620147232014,15,0,2,0,0,17,00Q12ND1|15,00Q1SP-2|2,,,
11667756-4320124182012,0,0,15,0,0,15,00Q1SP-4|15,,,,
78271707-113201312102013,0,0,37,0,0,37,00Q1SP-4|37,,,,
4371210-41020124202012,0,0,10,0,0,10,00Q1SP-4|10,,,,
95474388-4192012552012,16,0,0,0,0,16,00Q12ND|11,00Q12ND1|5,,,
114857832-6242011762011,0,0,12,0,0,12,00Q1SP-4|12,,,,
113093061-6620116192011,0,0,13,0,0,13,00Q1SP-4|13,,,,
122438466-2820142202014,0,0,12,0,0,12,00Q1SP-4|12,,,,
103725195-113201011172010,0,4,9,1,1,15,0004SP-4|1,00Q12ND|4,00Q1RCU|1,00Q1SP-4|9,
18193146-31520123272012,0,0,12,0,0,12,00Q1SP-4|12,,,,
65863608-1120201211272012,0,0,7,0,0,7,00Q1SP-2|7,,,,
45907680-1018201210312012,5,0,8,0,0,13,00Q12ND1|5,00Q1SP-4|8,,,
66364692-112420131222013,8,0,0,0,0,8,00Q12ND1|8,,,,
72007119-8920108182010,0,0,9,0,0,9,00Q1SP-4|9,,,,
72322218-51020115172011,0,0,6,1,0,7,00Q1RCU|1,00Q1SP-4|6,,,
119158449-1219201212312012,4,0,8,0,0,12,00Q12ND1|4,00Q1SP-2|8,,,
69593760-102720101172010,0,0,11,0,0,11,00Q1SP-4|11,,,,
113268621-1024201010312010,0,7,0,0,0,7,00Q12ND|7,,,,
21182187-92920141082014,0,0,9,0,0,9,00Q1SP-4|9,,,,
112553211-72920108112010,0,11,0,2,0,13,00Q12ND|11,00Q1RCU|2,,,
113731047-112011182011,0,0,6,1,0,7,00Q1RCU|1,00Q1SP-4|6,,,
26156028-1115201311282013,0,0,13,0,0,13,00Q1SP-2|13,,,,
25829730-53120126142012,0,0,14,0,0,14,00Q1SP-4|14,,,,
116087265-101220111112011,0,20,0,0,0,20,00Q12ND|20,,,,
42192615-62820137112013,0,0,12,1,0,13,00Q1RCU|1,00Q1SP-4|12,,,
120569274-62720137162013,0,0,19,0,0,19,00Q1SP-4|19,,,,
31272351-1115201011282010,0,0,12,1,0,13,00Q1RICU|1,00Q1SP-4|12,,,
119122896-7420137252013,0,0,20,1,0,21,00Q1RICU|1,00Q1SP-2|20,,,
113940318-6172012712012,0,0,14,0,0,14,00Q1SP-4|14,,,,
72222759-92820131092013,11,0,0,0,0,11,00Q12ND1|11,,,,
54677532-62820117222011,0,0,24,0,0,24,00Q1SP-4|24,,,,
81974235-3520113162011,0,0,11,0,0,11,00Q1SP-4|11,,,,
27752685-9720109122010,0,4,0,1,0,5,00Q12ND|4,00Q1RCU|1,,,
123589257-7820147142014,6,0,0,0,0,6,00Q12ND1|6,,,,
115642791-117201111152011,0,7,0,1,0,8,00Q12ND|7,00Q1RCU|1,,,
48625983-111920141212014,12,0,0,0,0,12,00Q12ND1|12,,,,
121331211-8520138132013,7,0,0,1,0,8,00Q12ND1|7,00Q1RCU|1,,,
114136719-3292011462011,0,7,0,1,0,8,00Q12ND|7,00Q1RCU|1,,,
113408436-8220118202011,0,18,0,0,0,18,00Q12ND|18,,,,
70224513-102820131182013,0,0,11,0,0,11,00Q1SP-2|11,,,,
68088594-2620122202012,0,0,14,0,0,14,00Q1SP-2|5,00Q1SP-4|9,,,
41603607-5620105252010,0,18,0,1,0,19,00Q12ND|18,00Q1RCU|1,,,
26967432-22620143112014,0,0,13,0,0,13,00Q1SP-4|13,,,,
122257890-2620142152014,0,0,9,0,0,9,00Q1SP-4|9,,,,
117437610-4212012512012,0,0,10,0,0,10,00Q1SP-4|10,,,,
99808041-3320143122014,0,0,9,0,0,9,00Q1SP-4|9,,,,
34741173-5252014632014,0,0,9,0,0,9,00Q1SP-2|9,,,,
13235271-4252010562010,0,10,0,1,0,11,00Q12ND|10,00Q1RCU|1,,,
12548664-6620126162012,0,0,9,1,0,10,00Q1RICU|1,00Q1SP-4|9,,,
8905770-102520121182012,0,0,14,0,0,14,00Q1SP-2|7,00Q1SP-4|7,,,
82358679-1016201311112013,0,0,25,1,1,27,0004SP-4|1,00Q1RCU|1,00Q1SP-4|25,,
124383735-129201412182014,2,0,0,1,0,3,00Q12ND1|2,00Q1RCU|1,,,
122719482-3420143122014,1,0,7,0,0,8,00Q12ND1|1,00Q1SP-2|7,,,
113090769-92420141012014,0,0,7,0,0,7,00Q1SP-2|7,,,,
31262316-1192011212011,0,0,13,0,0,13,00Q1SP-4|13,,,,
87774258-7312012882012,8,0,0,0,0,8,00Q12ND1|8,,,,
97033158-101420131112013,0,0,17,1,0,18,00Q1RICU|1,00Q1SP-2|17,,,
119949222-3320133132013,10,0,0,0,0,10,00Q12ND1|10,,,,
118492794-9620129202012,0,0,14,0,0,14,00Q1SP-4|14,,,,
58333443-5620145292014,0,0,22,1,0,23,00Q1RICU|1,00Q1SP-4|22,,,
91088154-3212012482012,0,18,0,0,0,18,00Q12ND|18,,,,
73845756-312014382014,7,0,0,0,0,7,00Q12ND1|7,,,,
76359195-42620105122010,14,0,0,2,0,16,00Q12ND|14,00Q1RCU|2,,,
114981471-1015201110252011,0,2,8,0,0,10,00Q12ND|2,00Q1SP-4|8,,,
56275941-1018201010312010,0,13,0,0,0,13,00Q12ND|13,,,,
121903794-930201310202013,19,0,0,1,0,20,00Q12ND1|8,00Q12NDB|11,00Q1RCU|1,,
108231753-71220117222011,0,0,10,0,0,10,00Q1SP-4|10,,,,
103455060-81220118202011,0,0,7,1,1,9,0004SP-4|1,00Q1RCU|1,00Q1SP-4|7,,
33662544-3212012462012,0,0,16,0,0,16,00Q1SP-4|16,,,,
75706722-61220146222014,0,0,9,1,1,11,0004SP-2|1,00Q1RCU|1,00Q1SP-2|9,,
121963554-115201311122013,0,0,7,0,0,7,00Q1SP-4|7,,,,
118876374-1030201211102012,0,0,11,0,0,11,00Q1SP-4|11,,,,
123047922-71020147202014,10,0,0,0,0,10,00Q12ND1|10,,,,
15674301-5162011652011,0,20,0,0,0,20,00Q12ND|20,,,,
117210711-1252014262014,11,0,0,1,0,12,00Q12ND1|11,00Q1RCU|1,,,
93409287-51820125282012,0,0,9,1,0,10,00Q1RCU|1,00Q1SP-4|9,,,
111679617-92720101082010,0,0,11,0,0,11,00Q1SP-4|11,,,,
101356011-762014822014,16,0,11,0,0,27,00Q12ND1|16,00Q1SP-2|11,,,
28333758-5292012692012,0,0,11,0,0,11,00Q1SP-4|11,,,,
7055538-81020118182011,0,7,0,1,0,8,00Q12ND|7,00Q1RCU|1,,,
32412000-1120131122013,0,0,11,0,0,11,00Q1SP-2|11,,,,
116063478-92020139272013,6,1,0,0,0,7,00Q12ND1|6,00Q12NDV|1,,,
110391357-91120109202010,0,0,8,1,1,10,0004SP-4|1,00Q1RCU|1,00Q1SP-4|8,,
121633176-11920141272014,8,0,0,0,0,8,00Q12ND1|8,,,,
122021283-1015201310262013,11,0,0,0,0,11,00Q12ND1|11,,,,
36316815-72120108102010,0,17,0,3,0,20,00Q12ND|17,00Q1RCU|2,00Q1RICU|1,,
121539480-92820131082013,0,0,10,0,0,10,00Q1SP-4|10,,,,
12619113-7220107162010,0,0,13,1,2,16,0004SP-4|2,00Q1RCU|1,00Q1SP-4|13,,
97941561-71320117232011,0,0,10,0,0,10,00Q1SP-4|10,,,,
118701444-108201210202012,11,0,0,1,0,12,00Q12ND1|11,00Q1RCU|1,,,
63615576-7820127202012,0,0,12,0,0,12,00Q1SP-4|12,,,,
111822435-41420104252010,0,0,11,0,0,11,00Q1SP-4|11,,,,
118281780-114201211282012,1,0,19,4,0,24,00Q12ND1|1,00Q1RCU|4,00Q1SP-4|19,,
114315183-123201012152010,0,4,8,0,0,12,00Q12ND|4,00Q1SP-4|8,,,
18987141-7320147162014,13,0,0,0,0,13,00Q12ND1|13,,,,
117400788-51620125302012,4,0,10,0,0,14,00Q12NDB|4,00Q1SP-4|10,,,
97612929-41720135232013,1,0,34,1,1,37,0004SP-2|1,00Q12ND1|1,00Q1RCU|1,00Q1SP-2|34,
113346240-9120109142010,0,12,0,1,0,13,00Q12ND|12,00Q1RCU|1,,,
78215676-71520147272014,2,0,9,1,0,12,00Q12NDB|2,00Q1RCU|1,00Q1SP-4|9,,
43815579-22920123152012,0,5,10,0,0,15,00Q12ND|5,00Q1SP-4|10,,,
113018937-5142010662010,0,22,0,1,0,23,00Q12ND|22,00Q1RCU|1,,,
114388137-31420113232011,0,9,0,0,0,9,00Q12ND|9,,,,
12821577-4272011572011,0,0,10,0,0,10,00Q1SP-4|10,,,,
111815619-20101292010222,0,10,14,0,0,24,00Q12ND|10,00Q1SP-4|14,,,
123782292-1118201411252014,6,0,0,1,0,7,00Q12NDB|6,00Q1RCU|1,,,
122714931-7420147102014,6,0,0,0,0,6,00Q12ND1|6,,,,
111101727-62320117112011,0,0,17,1,1,19,0004SP-4|1,00Q1RCU|1,00Q1SP-4|17,,
120744660-82620139102013,0,0,15,0,0,15,00Q1SP-4|15,,,,
89684046-91220141032014,0,0,21,0,0,21,00Q1SP-4|21,,,,
112851387-6420106182010,0,0,13,1,0,14,00Q1RCU|1,00Q1SP-4|13,,,
71677938-71820147262014,0,0,8,0,0,8,00Q1SP-2|8,,,,
53668812-102420141122014,0,0,9,0,0,9,00Q1SP-4|9,,,,
85167612-52820126132012,0,0,16,0,0,16,00Q1SP-4|16,,,,
88949475-118201411162014,8,0,0,0,0,8,00Q12ND1|8,,,,
61512090-11220141222014,0,0,19,0,0,19,00Q1SP-4|19,,,,
19316274-1011201110192011,0,0,8,0,0,8,00Q1SP-4|8,,,,
122218998-11620141292014,0,0,13,0,0,13,00Q1SP-4|13,,,,
7924788-6282011762011,0,0,7,1,0,8,00Q1RCU|1,00Q1SP-4|7,,,
120447378-42820135152013,0,0,17,0,0,17,00Q1SP-4|17,,,,
113859276-129201012212010,0,11,0,1,0,12,00Q12ND|11,00Q1RCU|1,,,
100421079-12212011142012,0,0,14,0,0,14,00Q1SP-4|14,,,,
72169806-12820143242014,0,0,50,5,0,55,00Q1ICU|5,00Q1SP-C|50,,,
104148093-1030201411112014,0,0,11,1,0,12,00Q1RCU|1,00Q1SP-4|11,,,
122171334-125201312202013,11,0,4,0,0,15,00Q12ND1|11,00Q1SP-4|4,,,
111268866-105201210152012,9,0,0,1,0,10,00Q12ND1|9,00Q1RICU|1,,,
116506401-11020121202012,0,3,7,0,0,10,00Q12ND|3,00Q1SP-4|7,,,
119456310-142013272013,10,0,24,0,0,34,00Q12NDB|10,00Q1SP-2|24,,,
114297192-5920115232011,0,13,0,1,0,14,00Q12ND|13,00Q1RCU|1,,,
78864513-11120141172014,0,0,6,0,0,6,00Q1SP-2|6,,,,
96466530-6232013732013,0,0,10,0,0,10,00Q1SP-2|10,,,,
95100465-1011201110202011,0,0,9,0,0,9,00Q1SP-4|9,,,,
116041863-2520142162014,0,0,11,0,0,11,00Q1SP-4|11,,,,
65148690-7120107142010,0,0,12,1,0,13,00Q1RCU|1,00Q1SP-4|12,,,
96737421-92320111072011,0,14,0,0,0,14,00Q12ND|14,,,,
100946022-71920107262010,0,0,6,1,1,8,0004SP-4|1,00Q1RCU|1,00Q1SP-4|6,,
82743918-11120111242011,0,0,13,0,0,13,00Q1SP-4|13,,,,
39217104-71620147232014,6,0,0,1,0,7,00Q12ND1|6,00Q1RCU|1,,,
121429086-11120131192013,0,0,8,0,0,8,00Q1SP-4|8,,,,
114090837-61620146262014,0,0,10,0,0,10,00Q1SP-4|10,,,,
23279553-1015201410232014,8,0,0,0,0,8,00Q12ND1|7,00Q12NDB|1,,,
117777027-1014201210292012,14,0,0,1,0,15,00Q12NDB|14,00Q1RICU|1,,,
63790530-7202014862014,0,0,17,0,0,17,00Q1SP-4|17,,,,
51831894-512012582012,0,0,6,1,1,8,0004SP-4|1,00Q1RCU|1,00Q1SP-4|6,,
112986744-82720109142010,0,17,0,1,1,19,00042ND|1,00Q12ND|17,00Q1RCU|1,,
122772063-4520144122014,7,0,0,0,0,7,00Q12ND1|7,,,,
82373049-72320107292010,0,5,0,1,0,6,00Q12ND|5,00Q1RCU|1,,,
1733487-41720144252014,8,0,0,0,0,8,00Q12ND1|8,,,,
119432091-21820132282013,0,0,9,1,1,11,0004SP-4|1,00Q1RCU|1,00Q1SP-4|9,,
31296168-122520131102014,16,0,0,0,0,16,00Q12ND1|16,,,,
118247925-101201210142012,13,0,0,0,0,13,00Q12ND1|13,,,,
73592763-9520119102011,0,0,5,0,0,5,00Q1SP-4|5,,,,
109144095-11120121182012,0,6,0,1,0,7,00Q12ND|6,00Q1RCU|1,,,
113867409-103120121192012,0,0,9,0,0,9,00Q1SP-2|9,,,,
33150297-1015201310302013,0,0,14,1,0,15,00Q1RICU|1,00Q1SP-4|14,,,
55358544-8302011982011,9,0,0,0,0,9,00Q12ND|9,,,,
114562062-31720113292011,0,0,12,0,0,12,00Q1SP-4|12,,,,
10822509-81220148222014,9,0,0,1,0,10,00Q12ND1|9,00Q1RCU|1,,,
36445665-72820118112011,0,0,14,0,0,14,00Q1SP-4|14,,,,
112367052-92020121042012,0,0,14,0,0,14,00Q1SP-4|14,,,,
15637140-5320115192011,0,0,16,0,0,16,00Q1SP-4|16,,,,
119632941-22520133292013,2,0,30,0,0,32,00Q12ND1|2,00Q1SP-4|30,,,
112395906-5252010622010,0,2,5,1,0,8,00Q12ND|2,00Q1RCU|1,00Q1SP-4|5,,
81970305-1111201212192012,0,0,38,0,0,38,00Q1SP-2|38,,,,
111775608-20102282010312,0,2,9,1,0,12,00Q12ND|2,00Q1RCU|1,00Q1SP-4|9,,
84944823-1124201312142013,0,0,19,1,0,20,00Q1RICU|1,00Q1SP-2|4,00Q1SP-4|15,,
32908215-52620116222011,0,27,0,0,0,27,00Q12ND|9,00Q12NDE|18,,,
67001853-62720117142011,0,0,17,0,0,17,00Q1SP-4|17,,,,
120924582-6202013722013,0,0,12,0,0,12,00Q1SP-4|12,,,,
124201185-81120148252014,2,0,12,0,0,14,00Q12ND1|2,00Q1SP-2|12,,,
81859026-21220142222014,0,0,8,2,0,10,00Q1RCU|2,00Q1SP-2|8,,,
122283327-112120131252013,0,0,14,0,0,14,00Q1SP-2|14,,,,
118913805-116201211202012,0,0,14,0,0,14,00Q1SP-4|14,,,,
113089809-21820112252011,0,0,7,0,0,7,00Q1SP-4|7,,,,
115706241-72820118102011,0,0,12,1,0,13,00Q1RICU|1,00Q1SP-4|12,,,
69857436-7222013872013,16,0,0,0,0,16,00Q12ND1|14,00Q12NDB|2,,,
124909392-102920141152014,6,0,0,1,0,7,00Q12ND1|6,00Q1RCU|1,,,
58361301-1011201210232012,0,0,12,0,0,12,00Q1SP-4|12,,,,
8376630-91620129262012,0,0,9,1,0,10,00Q1RICU|1,00Q1SP-4|9,,,
19721565-112220111232011,0,0,11,0,0,11,00Q1SP-4|11,,,,
44896023-71820147262014,7,0,0,1,0,8,00Q12ND1|7,00Q1RCU|1,,,
97658994-4162010512010,0,4,10,1,0,15,00Q12ND|4,00Q1RICU|1,00Q1SP-4|10,,
14303379-51820115312011,0,13,0,0,0,13,00Q12ND|13,,,,
112800948-7720108142010,0,36,1,1,0,38,00Q12ND|36,00Q1RCU|1,00Q1SP-4|1,,
98844312-5232012642012,0,0,12,0,0,12,00Q1SP-4|12,,,,
78899208-1320121102012,0,6,0,1,0,7,00Q12ND|6,00Q1RCU|1,,,
121893504-3620143162014,6,0,4,0,0,10,00Q12ND1|6,00Q1SP-2|4,,,
123098514-11220141192014,0,0,7,0,0,7,00Q1SP-2|7,,,,
81767577-4820114162011,0,0,7,1,0,8,00Q1RCU|1,00Q1SP-4|7,,,
40150284-1219201012272010,0,0,7,1,1,9,0004SP-4|1,00Q1RCU|1,00Q1SP-4|7,,
30620730-92420141032014,0,0,9,0,0,9,00Q1SP-4|9,,,,
122178555-123201312132013,0,0,10,0,0,10,00Q1SP-4|10,,,,
99341391-112220121252012,4,0,9,0,0,13,00Q12ND1|4,00Q1SP-4|9,,,
115986522-105201110142011,0,0,9,0,0,9,00Q1SP-4|9,,,,
5962701-61420116252011,0,0,10,1,0,11,00Q1RCU|1,00Q1SP-4|10,,,
113531973-102420101142010,0,0,11,0,0,11,00Q1SP-4|11,,,,
20323209-3112014412014,1,0,19,1,0,21,00Q12ND1|1,00Q1RICU|1,00Q1SP-4|19,,
38123589-20101272010220,0,3,19,2,0,24,00Q12ND|3,00Q1RCU|2,00Q1SP-4|19,,
118837155-12252012122013,6,0,0,2,0,8,00Q12ND1|6,00Q1RCU|2,,,
122813253-8282014992014,0,0,12,0,0,12,00Q1SP-4|12,,,,
112113630-1116201011242010,0,2,4,2,1,9,0004SP-4|1,00Q12ND|2,00Q1RCU|2,00Q1SP-4|4,
39480066-81620138252013,0,0,8,1,0,9,00Q1RCU|1,00Q1SP-4|8,,,
45228063-8302011972011,7,0,0,1,0,8,00Q12ND|7,00Q1RCU|1,,,
116152476-112520131252013,0,0,9,1,0,10,00Q1RICU|1,00Q1SP-4|9,,,
113867070-105201110192011,0,0,14,0,0,14,00Q1SP-4|14,,,,
92046729-21220122252012,0,13,0,0,0,13,00Q12ND|13,,,,
73410378-2010372010331,2,0,21,1,1,25,0004SP-4|1,00Q12ND|2,00Q1RCU|1,00Q1SP-4|21,
117166278-11220141222014,0,0,10,0,0,10,00Q1SP-4|10,,,,
117042396-21120123122012,0,0,30,0,0,30,00Q1SP-4|30,,,,
70537503-1114201311272013,13,0,0,0,0,13,00Q12ND1|13,,,,
59191272-6252014772014,0,0,12,0,0,12,00Q1SP-2|12,,,,
88959582-122820101102011,0,13,0,0,0,13,00Q12ND|13,,,,
123329661-4120144182014,16,0,0,1,0,17,00Q12ND1|7,00Q12NDB|9,00Q1RCU|1,,
112607424-1018201010302010,0,0,12,0,0,12,00Q1SP-4|12,,,,
77249067-123201412112014,0,0,8,0,0,8,00Q1SP-2|8,,,,
50005209-1024201211102012,0,0,17,0,0,17,00Q1SP-2|17,,,,
82728855-81220148282014,16,0,0,0,0,16,00Q12ND1|16,,,,
12222165-31920143282014,8,0,0,1,0,9,00Q12ND1|8,00Q1RCU|1,,,
123812613-92420141022014,7,0,0,1,0,8,00Q12ND1|7,00Q1RCU|1,,,
121205268-922013992013,0,0,7,0,0,7,00Q1SP-2|7,,,,
125090772-1116201411272014,0,0,11,0,0,11,00Q1SP-4|11,,,,
73806165-7242013862013,3,0,10,0,0,13,00Q12ND1|3,00Q1SP-4|10,,,
78046170-62820107112010,0,0,12,1,0,13,00Q1RCU|1,00Q1SP-4|12,,,
43355826-125201112182011,3,0,9,1,0,13,00Q12ND|3,00Q1RCU|1,00Q1SP-4|9,,
120409596-5132013662013,12,9,2,1,0,24,00Q12ND1|12,00Q12NDV|9,00Q1RCU|1,00Q1SP-2|2,
123835398-8120148142014,6,0,7,0,0,13,00Q12ND1|3,00Q12NDB|3,00Q1SP-4|7,,
120744792-8272013962013,0,0,10,0,0,10,00Q1SP-4|10,,,,
26927286-8820138192013,11,0,0,0,0,11,00Q12ND1|11,,,,
11051262-3242012482012,0,0,15,0,0,15,00Q1SP-4|15,,,,
101854809-115201411172014,8,0,4,0,0,12,00Q12ND1|8,00Q1SP-2|4,,,
46651833-5420125112012,7,0,0,0,0,7,00Q12ND1|7,,,,
114318498-1520111112011,0,5,0,1,0,6,00Q12ND|5,00Q1RICU|1,,,
72339138-11620131292013,0,0,13,0,0,13,00Q1SP-2|13,,,,
122982702-4820144152014,7,0,0,0,0,7,00Q12ND1|7,,,,
91825842-42820145102014,0,0,11,1,1,13,0004SP-4|1,00Q1RCU|1,00Q1SP-4|11,,
111489090-20091223201012,0,0,9,1,0,10,00Q1RCU|1,00Q1SP-4|9,,,
81406341-41220144282014,15,0,0,1,0,16,00Q12ND1|15,00Q1RCU|1,,,
124229028-8720148202014,13,0,0,0,0,13,00Q12ND1|7,00Q12NDB|6,,,
60405345-122201112152011,0,0,12,1,0,13,00Q1RICU|1,00Q1SP-4|12,,,
33139644-42420135132013,18,0,0,1,0,19,00Q12ND1|18,00Q1RCU|1,,,
119426328-32020133252013,5,0,0,0,0,5,00Q12ND1|5,,,,
114374181-22820113112011,0,0,11,0,0,11,00Q1SP-4|11,,,,
100461738-129201112212011,0,3,9,0,0,12,00Q12ND|3,00Q1SP-4|9,,,
102379707-7420147142014,0,0,10,0,0,10,00Q1SP-4|10,,,,
111670479-20091223201015,0,12,0,1,0,13,00Q12ND|12,00Q1RCU|1,,,
5586885-21020122192012,0,8,0,1,0,9,00Q12ND|8,00Q1RCU|1,,,
56588076-41020145202014,40,0,0,0,0,40,00Q12ND1|19,00Q12NDB|21,,,
114217017-126201012162010,0,6,4,0,0,10,00Q12ND|6,00Q1SP-4|4,,,
115676841-91720119242011,0,0,6,1,1,8,0004SP-4|1,00Q1RCU|1,00Q1SP-4|6,,
52561794-7520107152010,0,10,0,0,0,10,00Q12ND|10,,,,
119222625-1320131182013,0,0,15,0,0,15,00Q1SP-4|15,,,,
111119274-127201112182011,0,11,0,0,0,11,00Q12ND|11,,,,
53251020-3232014472014,0,0,11,4,0,15,00Q1RCU|3,00Q1RICU|1,00Q1SP-2|11,,
10590411-61420106222010,0,5,0,1,0,6,00Q12ND|5,00Q1RCU|1,,,
123164865-102920141192014,11,0,0,0,0,11,00Q12ND1|11,,,,
4847964-31020123172012,0,6,0,1,0,7,00Q12ND|6,00Q1RICU|1,,,
32807091-3262011482011,2,0,10,1,0,13,00Q12ND|2,00Q1RCU|1,00Q1SP-4|10,,
60727266-118201211172012,8,0,0,1,0,9,00Q12ND1|8,00Q1RCU|1,,,
114401109-4212011532011,0,0,12,0,0,12,00Q1SP-4|12,,,,
26167851-109201310242013,0,0,15,0,0,15,00Q1SP-2|15,,,,
111794055-92620131052013,8,0,0,1,0,9,00Q12ND1|8,00Q1RCU|1,,,
105468747-2720122172012,0,10,0,0,0,10,00Q12ND|10,,,,
119214546-1242013222013,9,0,0,0,0,9,00Q12ND1|9,,,,
87712689-8232013912013,8,0,0,1,0,9,00Q12ND1|8,00Q1RCU|1,,,
122326638-61820146272014,9,0,0,0,0,9,00Q12NDB|9,,,,
113852874-1320121142012,0,11,0,0,0,11,00Q12ND|11,,,,
93078603-10320121092012,6,0,0,0,0,6,00Q12ND1|6,,,,
118076379-8242012912012,0,0,8,0,0,8,00Q1SP-4|8,,,,
115782399-92420111072011,0,13,0,0,0,13,00Q12ND|13,,,,
113187471-9520109132010,0,0,7,1,1,9,0004SP-4|1,00Q1RCU|1,00Q1SP-4|7,,
28989789-1320131152013,0,0,11,1,1,13,0004SP-4|1,00Q1RCU|1,00Q1SP-4|11,,
41384118-112120111212011,0,0,10,0,0,10,00Q1SP-4|10,,,,
48747072-11320111242011,0,4,7,0,0,11,00Q12ND|4,00Q1SP-4|7,,,
103838010-2010152010116,0,10,0,1,0,11,00Q12ND|10,00Q1RCU|1,,,
115071783-112820111262011,0,0,8,0,0,8,00Q1SP-4|8,,,,
114095145-123020101232011,0,0,24,0,0,24,00Q1SP-4|24,,,,
73756992-102201210242012,21,0,0,1,0,22,00Q12ND1|6,00Q12NDB|15,00Q1RCU|1,,
123645675-9920149162014,1,0,5,1,1,8,0004SP-2|1,00Q12ND1|1,00Q1RCU|1,00Q1SP-2|5,
113546037-122201412132014,0,0,10,0,0,10,00Q1SP-2|10,,,,
123130890-9820149202014,12,0,0,0,0,12,00Q12ND1|12,,,,
54254229-61820136262013,0,0,7,1,1,9,0004SP-4|1,00Q1RCU|1,00Q1SP-4|7,,
116406510-91220149212014,0,0,9,0,0,9,00Q1SP-4|9,,,,
56867556-11420131302013,0,0,16,0,0,16,00Q1SP-4|16,,,,
118916268-12202012112013,3,0,9,0,0,12,00Q12ND1|3,00Q1SP-4|9,,,
28364559-81420108202010,0,0,5,1,0,6,00Q1RCU|1,00Q1SP-4|5,,,
32968863-122201212122012,0,0,10,0,0,10,00Q1SP-4|10,,,,
121937469-1027201311102013,13,0,0,1,0,14,00Q12ND1|13,00Q1RICU|1,,,
123764832-9920149162014,6,0,0,1,0,7,00Q12ND1|6,00Q1RCU|1,,,
71366070-81320138202013,7,0,0,0,0,7,00Q12ND1|7,,,,
121990791-1031201311142013,6,0,8,0,0,14,00Q12NDB|6,00Q1SP-2|8,,,
98854110-11120131222013,0,0,11,0,0,11,00Q1SP-4|11,,,,
121392780-101920141122014,0,0,9,0,0,9,00Q1SP-2|9,,,,
108135354-6320136122013,0,0,9,0,0,9,00Q1SP-4|9,,,,
111816417-42120105132010,0,2,20,0,0,22,00Q12ND|2,00Q1SP-4|20,,,
78048399-1011201010232010,0,12,0,0,0,12,00Q12ND|12,,,,
115162575-61720146242014,7,0,0,0,0,7,00Q12ND1|7,,,,
89053353-4120114222011,0,0,17,4,4,25,0004SP-4|4,00Q1RCU|4,00Q1SP-4|17,,
114513303-3202011442011,0,0,12,3,0,15,00Q1RCU|3,00Q1SP-4|12,,,
111442704-4720134182013,0,0,11,0,0,11,00Q1SP-4|11,,,,
99168855-3262013442013,0,0,8,1,0,9,00Q1RCU|1,00Q1SP-4|8,,,
125710545-122201412102014,0,0,8,0,0,8,00Q1SP-4|8,,,,
11346768-111201011132010,0,5,6,1,0,12,00Q12ND|5,00Q1RICU|1,00Q1SP-4|6,,
108299166-7820117192011,0,0,10,1,0,11,00Q1RCU|1,00Q1SP-4|10,,,
25829730-71220127242012,0,0,12,0,0,12,00Q1SP-4|12,,,,
20180463-71420137262013,0,0,12,0,0,12,00Q1SP-4|12,,,,
48251685-1216201212302012,0,0,14,0,0,14,00Q1SP-4|14,,,,
115037010-5620115172011,0,10,0,1,0,11,00Q12ND|10,00Q1RCU|1,,,
111960072-20103182010327,0,8,0,1,0,9,00Q12ND|8,00Q1RCU|1,,,
120626067-929201310122013,12,0,0,1,0,13,00Q12ND1|12,00Q1RCU|1,,,
121215876-7222013812013,0,0,10,0,0,10,00Q1SP-4|10,,,,
121965063-112620131292013,13,0,0,0,0,13,00Q12ND1|13,,,,
89386734-9820139212013,8,4,0,1,3,16,00042ND|3,00Q12ND|4,00Q12ND1|8,00Q1RCU|1,
120787647-7820137192013,0,0,11,0,0,11,00Q1SP-4|11,,,,
54388737-12620111112012,0,13,20,3,3,39,0004SP-4|3,00Q12ND|13,00Q1RCU|3,00Q1SP-4|20,
107907690-2010352010312,0,0,6,1,1,8,0004SP-4|1,00Q1RCU|1,00Q1SP-4|6,,
3534711-102820141152014,0,0,8,0,0,8,00Q1SP-2|8,,,,
119969535-6282013762013,8,0,0,0,0,8,00Q12ND1|8,,,,
106739676-71020137222013,1,0,11,0,0,12,00Q12ND1|1,00Q1SP-4|11,,,
121461024-109201310162013,6,0,0,1,0,7,00Q12ND1|6,00Q1RCU|1,,,
59475681-31620123292012,0,0,13,0,0,13,00Q1SP-4|13,,,,
31632900-7520127132012,0,0,8,0,0,8,00Q1SP-4|8,,,,
29449881-1620131302013,24,0,0,0,0,24,00Q12ND1|24,,,,
8797428-8620108132010,0,0,7,0,0,7,00Q1SP-4|7,,,,
104494719-61120136252013,14,0,0,0,0,14,00Q12ND1|14,,,,
9448806-20091227201017,0,0,10,0,1,11,00Q14RD|1,00Q1SP-4|10,,,
50446659-3920123222012,12,0,0,1,1,14,0004SP-4|1,00Q1RCU|1,00Q1SP-4|12,,
90787830-2182012342012,0,15,0,0,0,15,00Q12ND|15,,,,
112727817-8520108192010,0,13,0,1,0,14,00Q12ND|13,00Q1RICU|1,,,
117450459-512012582012,7,0,0,0,0,7,00Q12ND1|7,,,,
121444563-125201312142013,9,0,0,0,0,9,00Q12ND1|9,,,,
123681231-81720148282014,0,0,10,1,1,12,0004SP-4|1,00Q1RCU|1,00Q1SP-4|10,,
112607424-8242010952010,0,0,11,1,1,13,0004SP-4|1,00Q1RCU|1,00Q1SP-4|11,,
116431017-112120111242011,0,13,0,0,0,13,00Q12ND|13,,,,
77915094-103201110142011,0,11,0,0,0,11,00Q12ND|11,,,,
116545749-1023201210302012,0,0,7,0,0,7,00Q1SP-2|7,,,,
68939901-7312013892013,0,0,9,0,0,9,00Q1SP-4|9,,,,
96830022-102520121112012,7,0,0,0,0,7,00Q12ND1|7,,,,
54018948-12202012192013,0,0,19,1,0,20,00Q1RCU|1,00Q1SP-4|19,,,
88412625-1013201410232014,0,0,10,0,0,10,00Q1SP-4|10,,,,
123641868-9720149162014,1,0,7,1,0,9,00Q12ND1|1,00Q1RCU|1,00Q1SP-2|7,,
121756278-1111201311222013,1,0,10,0,0,11,00Q12ND1|1,00Q1SP-4|10,,,
9965421-41920115122011,0,17,6,0,0,23,00Q12ND|14,00Q12NDA|3,00Q1SP-4|6,,
121629759-91120139212013,0,0,10,0,0,10,00Q1SP-4|10,,,,
38080020-21820132272013,0,0,8,1,0,9,00Q1RICU|1,00Q1SP-4|8,,,
75569394-32720144102014,14,0,0,0,0,14,00Q12ND1|14,,,,
85537131-5252012612012,0,0,7,0,0,7,00Q1SP-4|7,,,,
76265217-8202010982010,0,18,0,1,0,19,00Q12ND|18,00Q1RCU|1,,,
9819651-5220135152013,0,0,12,1,0,13,00Q1RICU|1,00Q1SP-2|3,00Q1SP-4|9,,
122952888-4920144202014,0,0,11,0,0,11,00Q1SP-4|11,,,,
64312215-11420131232013,9,0,0,0,0,9,00Q12ND1|9,,,,
120648252-5162013612013,0,0,16,0,0,16,00Q1SP-2|16,,,,
122034525-1117201311242013,7,0,0,0,0,7,00Q12ND1|7,,,,
46121022-2232014362014,3,0,8,0,0,11,00Q12ND1|3,00Q1SP-2|8,,,
4950720-4520124212012,15,0,0,1,0,16,00Q12ND|15,00Q1RICU|1,,,
116721102-41520124292012,0,0,14,0,0,14,00Q1SP-4|14,,,,
54636990-20101182010126,0,3,4,1,0,8,00Q12ND|3,00Q1RCU|1,00Q1SP-4|4,,
77114304-3420143112014,6,0,1,0,0,7,00Q12ND1|6,00Q1SP-2|1,,,
65670141-3282013492013,5,0,7,0,0,12,00Q12ND1|5,00Q1SP-4|7,,,
100746738-4920124282012,0,19,0,0,0,19,00Q12ND|19,,,,
93165498-61420136192013,0,0,5,0,0,5,00Q1SP-2|5,,,,
117200115-31920124172012,0,29,0,0,0,29,00Q12ND|29,,,,
62525004-53020136112013,0,0,12,0,0,12,00Q1SP-4|12,,,,
92702661-2620142212014,0,0,15,0,0,15,00Q1SP-4|15,,,,
55546476-8222011932011,0,0,12,0,0,12,00Q1SP-4|12,,,,
116456082-121120111122012,0,32,0,0,0,32,00Q12ND|32,,,,
48777558-1520131212013,0,0,15,1,0,16,00Q1RICU|1,00Q1SP-4|15,,,
38363937-3142012452012,0,3,19,0,0,22,00Q12ND|3,00Q1SP-4|19,,,
47000262-101320111152011,0,0,22,1,0,23,00Q1RCU|1,00Q1SP-4|22,,,
13987119-1015201210232012,0,0,8,0,0,8,00Q1SP-4|8,,,,
81856968-11520131232013,0,0,15,13,0,28,00Q1RCU|12,00Q1RICU|1,00Q1SP-4|15,,
96433365-1012201010242010,0,12,0,0,0,12,00Q12ND|12,,,,
19290246-22420123192012,0,0,24,0,0,24,00Q1SP-4|24,,,,
121343931-102201310202013,0,7,11,0,0,18,00Q12ND|7,00Q1SP-4|11,,,
114752229-292011312011,0,0,20,0,0,20,00Q1SP-4|20,,,,
121614183-91320139292013,0,0,16,0,0,16,00Q1SP-4|16,,,,
37577124-3262013462013,0,0,11,0,0,11,00Q1SP-2|11,,,,
111664152-20102262010312,0,13,0,1,0,14,00Q12ND|13,00Q1RICU|1,,,
74694792-2620142272014,11,9,0,1,0,21,00Q12ND|2,00Q12ND1|11,00Q12NDV|7,00Q1RICU|1,
119961063-51820135252013,0,0,6,1,1,8,0004SP-4|1,00Q1RCU|1,00Q1SP-4|6,,
118087206-7192012812012,2,0,11,0,0,13,00Q12NDB|2,00Q1SP-4|11,,,
65950332-4620114122011,0,6,0,0,0,6,00Q12ND|6,,,,
56580117-1210201212192012,0,0,9,0,0,9,00Q1SP-4|9,,,,
116495178-1125201112102011,0,15,0,0,0,15,00Q12ND|15,,,,
70485537-2820112242011,0,0,15,1,1,17,0004SP-4|1,00Q1RICU|1,00Q1SP-4|15,,
73576881-2212013342013,7,0,4,0,0,11,00Q12ND1|7,00Q1SP-4|4,,,
116405034-1223201112302011,0,6,0,1,0,7,00Q12ND|6,00Q1RCU|1,,,
44389653-102220141152014,0,0,14,0,0,14,00Q1SP-4|14,,,,
115891011-9720119292011,0,0,22,0,0,22,00Q1SP-4|22,,,,
40128378-92520131082013,0,0,12,1,0,13,00Q1RICU|1,00Q1SP-4|12,,,
1521480-51120105212010,7,0,2,1,0,10,00Q12ND|7,00Q1RCU|1,00Q1SP-4|2,,
115865814-61820146262014,0,0,8,0,0,8,00Q1SP-2|2,00Q1SP-4|6,,,
112912740-21620142262014,1,0,9,0,0,10,00Q12ND1|1,00Q1SP-2|9,,,
84711411-7920137152013,5,0,0,1,0,6,00Q12ND1|5,00Q1RCU|1,,,
110934066-112201111132011,11,0,0,0,0,11,00Q12ND|11,,,,
115437438-81820118282011,0,9,0,1,0,10,00Q12ND|9,00Q1RCU|1,,,
96697590-1221201012292010,0,1,5,2,0,8,00Q12ND|1,00Q1RCU|2,00Q1SP-4|5,,
79051230-1130201112112011,0,0,11,0,0,11,00Q1SP-4|11,,,,
112134285-72120107292010,1,0,6,1,0,8,00Q12NDB|1,00Q1RCU|1,00Q1SP-4|6,,
116198721-1021201110282011,0,4,3,0,0,7,00Q12ND|4,00Q1SP-4|3,,,
115305786-6222011742011,0,12,0,0,0,12,00Q12ND|12,,,,
111768702-20101182010126,0,0,7,1,1,9,0004SP-4|1,00Q1RCU|1,00Q1SP-4|7,,
114077580-122820101212011,0,22,0,2,0,24,00Q12ND|22,00Q1RCU|2,,,
114801540-111420111282011,0,23,0,1,0,24,00Q12ND|23,00Q1RCU|1,,,
113891577-41120134222013,10,0,1,0,0,11,00Q12ND1|10,00Q1SP-4|1,,,
71424852-5420145212014,0,0,17,0,0,17,00Q1SP-4|17,,,,
2825280-7220137162013,7,0,7,0,0,14,00Q12ND1|7,00Q1SP-2|7,,,
119678322-11420141202014,6,0,0,0,0,6,00Q12ND1|6,,,,
74730417-71620117232011,0,6,0,1,0,7,00Q12ND|6,00Q1RCU|1,,,
98397669-31220133212013,8,0,0,1,0,9,00Q12ND1|8,00Q1RCU|1,,,
113984460-42320114292011,0,0,5,1,0,6,00Q1RICU|1,00Q1SP-4|5,,,
115135980-71520117312011,0,0,16,0,0,16,00Q1SP-4|16,,,,
122221344-152014192014,0,0,4,0,0,4,00Q1SP-4|4,,,,
121333401-9320139132013,0,0,10,0,0,10,00Q1SP-2|10,,,,
37709997-31220143212014,0,0,9,0,0,9,00Q1SP-2|9,,,,
97038366-1011201310192013,0,0,8,0,0,8,00Q1SP-4|8,,,,
109360233-11120111182011,0,7,0,0,0,7,00Q12ND|7,,,,
116914704-2820122162012,0,8,0,0,0,8,00Q12ND|8,,,,
115812804-930201110112011,0,9,0,2,0,11,00Q12ND|9,00Q1RCU|2,,,
116050992-91820111012011,0,13,0,0,0,13,00Q12ND|13,,,,
2234616-123201012202010,0,0,17,0,0,17,00Q1SP-4|17,,,,
117085437-33020124112012,0,11,0,1,0,12,00Q12ND|11,00Q1RCU|1,,,
75632160-112020141282014,0,0,18,0,0,18,00Q1SP-4|18,,,,
25813041-6262013772013,0,0,11,0,0,11,00Q1SP-2|11,,,,
112015941-4820104162010,0,0,7,1,1,9,0004SP-4|1,00Q1RCU|1,00Q1SP-4|7,,
109698573-3242010472010,0,1,13,0,0,14,00Q12ND|1,00Q1SP-4|13,,,
95685999-104201010142010,0,0,10,0,0,10,00Q1SP-4|10,,,,
93411375-1115201311232013,0,0,8,0,0,8,00Q1SP-4|8,,,,
119220306-1292013282013,2,0,6,2,0,10,00Q12NDB|2,00Q1RCU|2,00Q1SP-4|6,,
95708193-72020147302014,10,0,0,0,0,10,00Q12ND1|10,,,,
84433023-11520131252013,0,0,10,0,0,10,00Q1SP-2|10,,,,
123696126-51220145212014,8,0,0,1,0,9,00Q12ND1|8,00Q1RCU|1,,,
119702199-22820133122013,2,0,10,0,0,12,00Q12ND1|2,00Q1SP-4|10,,,
17932872-1021201310292013,0,0,8,0,0,8,00Q1SP-4|8,,,,
90306741-51820105252010,0,1,4,2,2,9,0004SP-4|2,00Q12ND|1,00Q1RCU|2,00Q1SP-4|4,
53469720-4272014582014,4,0,7,0,0,11,00Q12ND1|4,00Q1SP-2|7,,,
122182047-1220141152014,2,0,11,0,0,13,00Q12NDB|2,00Q1SP-4|11,,,
105871131-11320141222014,9,0,0,0,0,9,00Q12ND1|9,,,,
112133835-32820104152010,0,17,0,1,0,18,00Q12ND|17,00Q1RICU|1,,,
116639520-21220122212012,9,0,0,0,0,9,00Q12NDB|9,,,,
112433787-51820115312011,0,13,0,0,0,13,00Q12ND|13,,,,
115880250-21920123122012,0,0,21,1,0,22,00Q1RCU|1,00Q1SP-4|21,,,
120941766-72320137292013,0,0,6,0,0,6,00Q1SP-4|6,,,,
99112212-5212014642014,14,0,0,0,0,14,00Q12ND1|14,,,,
65367132-127201012152010,0,7,0,1,0,8,00Q12ND|7,00Q1RCU|1,,,
118186863-1212013262013,3,0,13,0,0,16,00Q12ND1|3,00Q1SP-4|13,,,
113941620-5232011652011,0,13,0,0,0,13,00Q12ND|13,,,,
121569525-104201310142013,9,0,0,1,0,10,00Q12ND1|9,00Q1RCU|1,,,
115838502-1115201111272011,0,0,12,0,0,12,00Q1SP-4|12,,,,
115504884-81820118312011,0,0,13,0,0,13,00Q1SP-4|13,,,,
111616812-91820101012010,0,0,12,1,0,13,00Q1RCU|1,00Q1SP-4|12,,,
114247197-2720112142011,0,1,6,0,0,7,00Q12ND|1,00Q1SP-4|6,,,
123266880-7920147172014,0,0,8,0,0,8,00Q1SP-4|8,,,,
29656590-21520142232014,8,0,0,0,0,8,00Q12ND1|8,,,,
116724792-13120122132012,0,12,0,1,0,13,00Q12ND|12,00Q1RCU|1,,,
61465992-1118201411262014,7,0,0,1,0,8,00Q12ND1|7,00Q1RCU|1,,,
63566508-5420115182011,0,0,14,0,0,14,00Q1SP-4|14,,,,
114215847-12020112142011,0,25,0,0,0,25,00Q12ND|25,,,,
15894120-3252012462012,0,12,0,0,0,12,00Q12ND|12,,,,
123493704-72320147312014,7,0,0,1,0,8,00Q12ND1|7,00Q1RCU|1,,,
65748075-21520132242013,7,0,0,2,0,9,00Q12ND1|7,00Q1RCU|2,,,
105556797-106201010202010,0,13,0,1,0,14,00Q12ND|13,00Q1RCU|1,,,
105853122-3172011442011,0,4,14,0,0,18,00Q12ND|4,00Q1SP-4|14,,,
71949726-81320108272010,0,0,14,0,0,14,00Q1SP-4|14,,,,
82251669-21820132262013,0,0,7,1,1,9,0004SP-4|1,00Q1RCU|1,00Q1SP-4|7,,
49003518-1129201112162011,0,0,17,0,0,17,00Q1SP-4|17,,,,
120094968-31420133302013,0,0,16,0,0,16,00Q1SP-4|16,,,,
125128194-1121201411302014,0,0,9,0,0,9,00Q1SP-2|9,,,,
77629959-22620143122014,0,0,13,1,1,15,0004SP-4|1,00Q1RICU|1,00Q1SP-4|13,,
86344593-6282011762011,0,7,0,1,0,8,00Q12ND|7,00Q1RCU|1,,,
114644184-4182011582011,0,20,0,0,0,20,00Q12ND|20,,,,
123772536-8120148102014,0,0,9,0,0,9,00Q1SP-2|9,,,,
112178814-5420105112010,0,0,6,1,1,8,0004SP-4|1,00Q1RCU|1,00Q1SP-4|6,,
114845178-61320117102011,0,27,0,0,0,27,00Q12ND|27,,,,
117771621-6252012762012,4,0,7,0,0,11,00Q12ND1|4,00Q1SP-4|7,,,
113625885-102120101132010,0,0,13,0,0,13,00Q1SP-4|13,,,,
113263992-109201010152010,0,0,5,1,1,7,0004SP-4|1,00Q1RCU|1,00Q1SP-4|5,,
123077562-41320144222014,0,0,9,0,0,9,00Q1SP-4|9,,,,
84856035-2242010582010,0,38,30,5,0,73,00Q12ND|38,00Q1RCU|2,00Q1RICU|3,00Q1SP-4|30,
111223083-4262011542011,0,8,0,0,0,8,00Q12ND|8,,,,
9240558-3720123242012,0,17,0,0,0,17,00Q12ND|17,,,,
38057766-1015201010272010,0,12,0,0,0,12,00Q12ND|12,,,,
122596095-2162014322014,0,0,14,0,0,14,00Q1SP-4|14,,,,
112714035-8272010932010,0,6,0,1,0,7,00Q12ND|6,00Q1RCU|1,,,
115818963-72420128112012,15,0,0,3,0,18,00Q12ND1|15,00Q1RCU|3,,,
18286404-1620141152014,0,0,9,0,0,9,00Q1SP-4|9,,,,
111969342-2010221201034,0,10,0,1,0,11,00Q12ND|10,00Q1RICU|1,,,
121903794-2262014392014,11,0,0,0,0,11,00Q12ND1|11,,,,
71889252-81220148242014,0,0,12,0,0,12,00Q1SP-4|12,,,,
118720029-1014201210242012,10,0,0,0,0,10,00Q12ND1|10,,,,
118739316-1217201212252012,2,0,6,0,0,8,00Q12ND1|2,00Q1SP-2|6,,,
93183879-83120109122010,0,0,12,0,0,12,00Q1SP-4|12,,,,
46899552-8520148132014,1,0,6,1,1,9,0004SP-2|1,00Q12ND1|1,00Q1RCU|1,00Q1SP-2|6,
115828434-1220131162013,0,0,14,0,0,14,00Q1SP-2|5,00Q1SP-4|9,,,
86640507-12020141292014,3,0,6,0,0,9,00Q12ND1|3,00Q1SP-4|6,,,
48482274-112320141222014,8,0,0,1,0,9,00Q12ND1|8,00Q1RCU|1,,,
118737849-1116201211272012,0,0,10,1,0,11,00Q1RCU|1,00Q1SP-2|10,,,
125151132-102920141192014,0,0,11,0,0,11,00Q1SP-4|11,,,,
115256124-62320116302011,0,7,0,0,0,7,00Q12ND|7,,,,
64719741-102320121142012,12,0,0,0,0,12,00Q12ND1|12,,,,
59598369-61120146232014,0,0,12,0,0,12,00Q1SP-4|12,,,,
71617059-5320105202010,0,0,16,1,0,17,00Q1RCU|1,00Q1SP-4|16,,,
41357595-9720119192011,0,0,12,0,0,12,00Q1SP-4|12,,,,
99014709-732010792010,0,5,0,1,0,6,00Q12ND|5,00Q1RCU|1,,,
113920329-123020101102011,0,11,0,0,0,11,00Q12ND|11,,,,
122813253-2182014352014,0,2,13,0,0,15,00Q12ND|2,00Q1SP-2|3,00Q1SP-4|10,,
110447385-6820126212012,13,0,0,0,0,13,00Q12ND1|13,,,,
116400423-121201112152011,0,3,10,1,1,15,0004SP-4|1,00Q12ND|3,00Q1RCU|1,00Q1SP-4|10,
43802883-41120125282012,0,0,44,3,3,50,0004SP-4|3,00Q1RCU|3,00Q1SP-4|44,,
118868910-1320131262013,0,0,22,1,0,23,00Q1RICU|1,00Q1SP-2|22,,,
63224301-1114201411252014,4,0,7,0,0,11,00Q12ND1|4,00Q1SP-2|7,,,
3538398-81520138302013,7,0,7,1,0,15,00Q12ND1|7,00Q1RCU|1,00Q1SP-4|7,,
116063478-1021201110292011,0,8,0,0,0,8,00Q12ND|8,,,,
113109756-31520133242013,2,0,7,0,0,9,00Q12ND1|2,00Q1SP-4|7,,,
19380492-1214201212252012,10,0,0,1,0,11,00Q12ND1|10,00Q1RCU|1,,,
112539123-5262010682010,0,0,11,2,2,15,0004SP-4|2,00Q1RCU|2,00Q1SP-4|11,,
30934548-103201410142014,0,0,11,0,0,11,00Q1SP-4|11,,,,
123388632-93020141072014,0,0,6,1,1,8,0004SP-4|1,00Q1RCU|1,00Q1SP-4|6,,
123081264-5720145152014,5,0,2,1,0,8,00Q12ND1|5,00Q1RCU|1,00Q1SP-2|2,,
21500910-1112201111222011,0,10,0,0,0,10,00Q12ND|10,,,,
75694989-71020147192014,8,0,0,1,0,9,00Q12ND1|8,00Q1RCU|1,,,
106329927-112920111252011,0,0,6,0,0,6,00Q1SP-4|6,,,,
34080465-1220201112262011,0,5,0,1,0,6,00Q12ND|5,00Q1RCU|1,,,
108495006-106201010152010,0,0,9,0,0,9,00Q1SP-4|9,,,,
110669121-1119201311252013,2,0,4,0,0,6,00Q12ND1|2,00Q1SP-2|4,,,
114148725-12520112102011,0,0,16,0,0,16,00Q1SP-4|16,,,,
47718252-125201312172013,0,0,12,0,0,12,00Q1SP-2|12,,,,
120654345-7920137182013,0,0,8,1,1,10,0004SP-4|1,00Q1RCU|1,00Q1SP-4|8,,
114756816-4820134172013,0,0,9,0,0,9,00Q1SP-4|9,,,,
104586270-9120119172011,0,0,16,0,0,16,00Q1SP-4|16,,,,
78184809-51420135232013,8,0,0,1,0,9,00Q12ND1|8,00Q1RCU|1,,,
117043176-81220128232012,0,0,11,0,0,11,00Q1SP-4|11,,,,
115984467-11120121222012,0,0,11,0,0,11,00Q1SP-4|11,,,,
115310811-1011201110192011,0,7,0,1,0,8,00Q12ND|7,00Q1RCU|1,,,
104846745-71820147272014,0,0,9,0,0,9,00Q1SP-4|9,,,,
64596231-6232010792010,0,0,16,0,0,16,00Q1SP-4|16,,,,
111816351-20101122010127,0,0,15,0,0,15,00Q1SP-4|15,,,,
122307540-3220143112014,0,0,8,1,0,9,00Q1RCU|1,00Q1SP-2|8,,,
76802793-8220138132013,0,0,11,0,0,11,00Q1SP-4|11,,,,
108476865-12220111292011,0,2,4,1,0,7,00Q12ND|2,00Q1RCU|1,00Q1SP-4|4,,
114385434-3420113192011,0,0,13,2,0,15,00Q1RCU|2,00Q1SP-4|13,,,
123096399-112720141282014,0,0,11,0,0,11,00Q1SP-4|11,,,,
60502425-51620125312012,0,0,15,0,0,15,00Q1SP-4|15,,,,
4371210-2232012352012,0,0,11,0,0,11,00Q1SP-4|11,,,,
116851938-6262013732013,0,0,7,0,0,7,00Q1SP-2|7,,,,
113836650-12222010152011,0,14,0,0,0,14,00Q12ND|14,,,,
121294764-7312013882013,7,0,0,1,0,8,00Q12ND1|7,00Q1RCU|1,,,
115772673-92720111042011,0,6,0,1,0,7,00Q12ND|6,00Q1RCU|1,,,
87757665-31220123202012,0,8,0,0,0,8,00Q12ND|8,,,,
52205547-101120111122011,0,22,0,0,0,22,00Q12ND|22,,,,
115566861-61420126302012,0,0,16,0,0,16,00Q1SP-4|16,,,,
115984026-1820121222012,0,0,13,1,0,14,00Q1RCU|1,00Q1SP-4|13,,,
44303751-31520123282012,0,0,13,0,0,13,00Q1SP-4|13,,,,
91833999-62720107142010,0,0,16,1,0,17,00Q1RICU|1,00Q1SP-4|16,,,
119916540-3720133212013,0,0,14,0,0,14,00Q1SP-4|14,,,,
119409714-12282012162013,0,0,9,0,0,9,00Q1SP-2|9,,,,
95209527-81120108242010,0,0,13,0,0,13,00Q1SP-4|13,,,,
16593252-91520129282012,3,0,10,0,0,13,00Q12ND1|3,00Q1SP-4|10,,,
89262303-1232013222013,0,0,10,0,0,10,00Q1SP-4|10,,,,
120772308-1015201310242013,0,0,8,1,1,10,0004SP-2|1,00Q1RCU|1,00Q1SP-2|8,,
111049056-91820119252011,0,7,0,0,0,7,00Q12ND|7,,,,
123200934-81920148272014,7,0,0,1,0,8,00Q12ND1|7,00Q1RCU|1,,,
115686165-108201110212011,0,13,0,0,0,13,00Q12ND|13,,,,
16395000-31520123292012,0,0,14,0,0,14,00Q1SP-4|14,,,,
98064831-82020128312012,0,0,11,0,0,11,00Q1SP-4|11,,,,
43951962-4272012552012,7,0,0,1,0,8,00Q12ND1|4,00Q12NDB|3,00Q1RCU|1,,
117166278-5242012672012,0,0,13,1,0,14,00Q1RICU|1,00Q1SP-4|13,,,
78989913-2192013312013,0,0,9,1,0,10,00Q1RICU|1,00Q1SP-2|9,,,
116371959-1114201111202011,0,0,6,0,0,6,00Q1SP-4|6,,,,
21182187-51720145272014,0,0,10,0,0,10,00Q1SP-2|10,,,,
102730818-7220127122012,0,0,9,1,0,10,00Q1RICU|1,00Q1SP-4|9,,,
96471630-4120114132011,0,1,11,0,0,12,00Q12ND|1,00Q1SP-4|11,,,
103599735-732013792013,0,0,6,0,0,6,00Q1SP-4|6,,,,
102764124-6720116222011,0,15,0,0,0,15,00Q12ND|15,,,,
119193204-12272012152013,0,0,9,0,0,9,00Q1SP-4|9,,,,
115812564-1014201110222011,0,7,0,1,0,8,00Q12ND|7,00Q1RCU|1,,,
112119576-6292010772010,0,7,0,1,0,8,00Q12ND|7,00Q1RCU|1,,,
122596542-1320141182014,7,0,8,0,0,15,00Q12ND1|7,00Q1SP-2|8,,,
86429943-21820132272013,0,0,9,0,0,9,00Q1SP-4|9,,,,
40500285-1111201411212014,1,0,8,1,0,10,00Q12ND1|1,00Q1RCU|1,00Q1SP-2|8,,
89743170-31120143252014,1,0,13,0,0,14,00Q12ND1|1,00Q1SP-4|13,,,
123369207-6252014722014,6,0,0,1,0,7,00Q12ND1|6,00Q1RCU|1,,,
114400464-472011562011,0,0,29,0,0,29,00Q1SP-4|29,,,,
75122781-4920124232012,0,0,14,0,0,14,00Q1SP-4|14,,,,
37334049-61820136262013,5,0,2,1,0,8,00Q12ND1|5,00Q1RCU|1,00Q1SP-4|2,,
85293690-6520146202014,0,0,15,0,0,15,00Q1SP-2|15,,,,
101405952-52020135292013,0,0,9,0,0,9,00Q1SP-2|9,,,,
10665933-72020108102010,0,10,0,11,0,21,00Q12ND|10,00Q1RCU|11,,,
120517302-7312013872013,7,0,0,0,0,7,00Q12ND1|7,,,,
112697082-51020125222012,0,0,12,0,0,12,00Q1SP-4|12,,,,
46137822-112420101262010,0,0,12,0,0,12,00Q1SP-4|12,,,,
34901892-42720105262010,0,14,14,1,0,29,00Q12ND|14,00Q1RCU|1,00Q1SP-4|14,,
123166716-5520145152014,10,0,0,0,0,10,00Q12ND1|10,,,,
110539284-42420135172013,7,0,15,1,1,24,0004SP-2|1,00Q12ND1|7,00Q1RCU|1,00Q1SP-2|15,
96789240-7232013892013,16,0,0,0,1,17,00Q12ND1|16,00Q14RD|1,,,
111805515-22820123112012,0,0,12,0,0,12,00Q1SP-4|12,,,,
121448319-10120131092013,1,0,7,0,0,8,00Q12ND1|1,00Q1SP-4|7,,,
60078558-123020101142011,0,14,0,1,0,15,00Q12ND|14,00Q1RICU|1,,,
113707938-1210201012192010,0,3,5,1,0,9,00Q12ND|3,00Q1RCU|1,00Q1SP-4|5,,
112682478-92020121032012,0,0,13,0,0,13,00Q1SP-4|13,,,,
24267516-11120112272011,0,0,47,0,0,47,00Q1SP-2|2,00Q1SP-4|45,,,
112368564-51420105232010,0,8,0,1,0,9,00Q12ND|8,00Q1RCU|1,,,
56462517-42820115102011,0,0,12,0,0,12,00Q1SP-4|12,,,,
124989276-1015201410252014,4,0,6,0,0,10,00Q12NDB|4,00Q1SP-2|6,,,
122774484-41420144232014,0,0,9,0,0,9,00Q1SP-4|9,,,,
27397062-20103182010331,0,0,13,0,0,13,00Q1SP-4|13,,,,
119137173-112520121262012,0,0,11,0,0,11,00Q1SP-2|11,,,,
122257071-12172013162014,20,0,0,0,0,20,00Q12ND1|7,00Q12NDB|13,,,
69186432-109201310172013,7,0,0,1,0,8,00Q12ND1|7,00Q1RCU|1,,,
122286297-1213201312212013,0,0,8,0,0,8,00Q1SP-2|8,,,,
44782977-2920112222011,0,12,0,0,1,13,00Q12ND|12,00Q14RD|1,,,
57104076-51920105312010,0,0,11,1,1,13,0004SP-4|1,00Q1RCU|1,00Q1SP-4|11,,
114025728-41120114262011,0,0,15,0,0,15,00Q1SP-4|15,,,,
819309-3252014432014,0,0,8,1,3,12,0004SP-2|1,0004SP-4|2,00Q1RCU|1,00Q1SP-2|8,
86219319-71120107222010,0,3,8,0,0,11,00Q12ND|3,00Q1SP-4|8,,,
57972852-72020147312014,0,0,11,0,0,11,00Q1SP-4|11,,,,
24476430-1015201210252012,0,0,10,0,0,10,00Q1SP-2|1,00Q1SP-4|9,,,
114641478-51820115312011,0,13,0,0,0,13,00Q12ND|13,,,,
79253076-4720144182014,0,0,11,0,0,11,00Q1SP-4|11,,,,
39882744-21920142252014,0,0,6,0,0,6,00Q1SP-4|6,,,,
115056765-6720116232011,0,9,7,0,0,16,00Q12ND|9,00Q1SP-4|7,,,
90901980-52020145282014,0,0,7,1,1,9,0004SP-2|1,00Q1RCU|1,00Q1SP-2|7,,
89813121-91620119262011,0,0,10,0,0,10,00Q1SP-4|10,,,,
61117083-1216201212232012,0,0,7,0,0,7,00Q1SP-2|7,,,,
121893504-112201311132013,0,0,11,0,0,11,00Q1SP-2|11,,,,
105523332-31520113222011,0,6,0,1,0,7,00Q12ND|6,00Q1RCU|1,,,
56357835-7620107132010,6,0,0,1,0,7,00Q12ND|6,00Q1RCU|1,,,
73461291-12520111122012,0,0,27,11,13,51,0004SP-4|13,00Q1RCU|11,00Q1SP-4|27,,
83870844-2202012322012,0,2,9,0,0,11,00Q12ND|2,00Q1SP-4|9,,,
98278428-124201312222013,9,0,9,0,0,18,00Q12NDB|9,00Q1SP-4|9,,,
111770064-2010226201037,0,0,8,1,1,10,0004SP-4|1,00Q1RCU|1,00Q1SP-4|8,,
124217604-8120148132014,1,0,11,0,0,12,00Q12ND1|1,00Q1SP-4|11,,,
112995981-11120111182011,0,0,6,1,1,8,0004SP-4|1,00Q1RCU|1,00Q1SP-4|6,,
49255008-91920149262014,6,0,0,1,0,7,00Q12ND1|6,00Q1RCU|1,,,
56614299-71520137272013,0,0,12,0,0,12,00Q1SP-2|12,,,,
48927168-1210201212212012,0,0,11,0,0,11,00Q1SP-4|11,,,,
113895855-1420111162011,0,11,0,1,0,12,00Q12ND|11,00Q1RCU|1,,,
69565083-41220114262011,0,14,0,0,0,14,00Q12ND|14,,,,
123074685-42620145132014,17,0,0,0,0,17,00Q12ND1|17,,,,
34857405-127201012292010,0,0,22,0,0,22,00Q1SP-4|22,,,,
111761712-2010172010120,0,0,12,1,1,14,0004SP-4|1,00Q1RCU|1,00Q1SP-4|12,,
13090998-51920125262012,7,0,0,0,0,7,00Q12ND1|7,,,,
119100765-3292013452013,2,0,5,0,0,7,00Q12ND1|2,00Q1SP-4|5,,,
11346768-1215201312242013,0,0,8,1,0,9,00Q1RICU|1,00Q1SP-4|8,,,
111131361-6220106192010,0,2,14,1,1,18,0004SP-4|1,00Q12ND|2,00Q1RCU|1,00Q1SP-4|14,
38207169-116201411132014,6,0,0,1,0,7,00Q12ND1|6,00Q1RCU|1,,,
119066643-1820131162013,0,0,8,0,0,8,00Q1SP-4|8,,,,
13090179-4232014562014,0,0,13,0,0,13,00Q1SP-4|13,,,,
123586380-82220148312014,0,0,9,0,0,9,00Q1SP-2|9,,,,
121595598-1118201411252014,2,0,4,1,0,7,00Q12NDB|2,00Q1RCU|1,00Q1SP-4|4,,
55824588-124201412162014,0,0,8,0,0,8,00Q1SP-4|8,,,,
69133107-4152010522010,0,0,16,1,1,18,0004SP-4|1,00Q1RCU|1,00Q1SP-4|16,,
4494378-41620144252014,9,0,0,0,0,9,00Q12ND1|9,,,,
121871250-2720142172014,0,0,10,0,0,10,00Q1SP-2|10,,,,
30378213-6720126192012,0,0,12,0,0,12,00Q1SP-4|12,,,,
109722534-71420107242010,0,2,7,1,0,10,00Q12ND|2,00Q1RCU|1,00Q1SP-4|7,,
112027206-41120104232010,0,10,0,2,0,12,00Q12ND|10,00Q1RCU|2,,,
56055705-82020129142012,6,11,8,0,0,25,00Q12ND|11,00Q12ND1|6,00Q1SP-4|8,,
19728930-1112201211262012,0,0,14,0,0,14,00Q1SP-4|14,,,,
123233856-2720142242014,16,0,0,1,0,17,00Q12ND1|16,00Q1RCU|1,,,
119235735-22120133102013,2,0,14,1,3,20,0004SP-2|1,0004SP-4|2,00Q12ND1|2,00Q1RCU|1,00Q1SP-2|14
36330312-82120108262010,0,5,0,0,0,5,00Q12ND|5,,,,
90010107-1024201211122012,18,0,0,1,0,19,00Q12ND1|10,00Q12NDV|8,00Q1RCU|1,,
95699814-41120144222014,0,0,11,0,0,11,00Q1SP-4|11,,,,
112651473-812010862010,0,0,5,0,0,5,00Q1SP-4|5,,,,
119371806-11520131222013,6,0,0,1,0,7,00Q12ND1|6,00Q1RCU|1,,,
62301714-7620117162011,0,0,10,0,0,10,00Q1SP-4|10,,,,
112885875-112720101232010,0,0,5,1,1,7,0004SP-4|1,00Q1RCU|1,00Q1SP-4|5,,
115716246-81020118232011,0,12,0,1,0,13,00Q12ND|12,00Q1RCU|1,,,
27752685-61820106262010,0,7,0,1,0,8,00Q12ND|7,00Q1RCU|1,,,
63799014-1029201311122013,0,0,14,0,0,14,00Q1SP-4|14,,,,
120131583-5282013652013,0,0,7,1,1,9,0004SP-2|1,00Q1RCU|1,00Q1SP-2|7,,
105988011-7252014862014,0,0,11,1,1,13,0004SP-2|1,00Q1RCU|1,00Q1SP-2|11,,
122601063-12262013172014,0,0,12,0,0,12,00Q1SP-2|12,,,,
18651057-7120137162013,2,0,13,0,0,15,00Q12ND1|2,00Q1SP-2|13,,,
104049918-32320104152010,0,17,6,0,0,23,00Q12ND|17,00Q1SP-4|6,,,
531099-62720127152012,0,0,18,0,0,18,00Q1SP-4|18,,,,
179322-4620114212011,0,0,15,0,0,15,00Q1SP-4|15,,,,
64610997-61320136272013,0,0,13,1,0,14,00Q1RICU|1,00Q1SP-4|13,,,
111440886-41620104272010,0,0,11,0,0,11,00Q1SP-4|11,,,,
105632109-6220136112013,0,0,9,0,0,9,00Q1SP-2|9,,,,
65737737-101620111142011,18,0,0,1,0,19,00Q12ND|18,00Q1RICU|1,,,
118898004-116201211302012,0,14,9,1,1,25,0004SP-4|1,00Q12ND|14,00Q1RCU|1,00Q1SP-4|9,
120472218-92120131022013,8,2,0,1,0,11,00Q12ND|2,00Q12ND1|8,00Q1RICU|1,,
111960072-42120104292010,0,7,0,1,0,8,00Q12ND|7,00Q1RCU|1,,,
12723537-82920139182013,0,0,20,0,0,20,00Q1SP-4|20,,,,
113100693-8920108272010,0,0,18,0,0,18,00Q1SP-4|18,,,,
123198414-8262014972014,5,0,7,0,0,12,00Q12ND1|5,00Q1SP-4|7,,,
51509655-91720149262014,0,0,9,0,0,9,00Q1SP-2|9,,,,
109222065-61620146242014,4,0,4,0,0,8,00Q12ND1|4,00Q1SP-4|4,,,
46114728-5222014642014,12,0,0,1,0,13,00Q12ND1|11,00Q12NDB|1,00Q1RCU|1,,
117875181-10320121082012,1,0,4,0,0,5,00Q12NDB|1,00Q1SP-4|4,,,
100396779-6420136152013,11,0,0,0,0,11,00Q12ND1|11,,,,
123610869-8172014962014,1,0,19,0,0,20,00Q12ND1|1,00Q1SP-2|19,,,
118017696-7222012812012,0,0,10,0,0,10,00Q1SP-4|10,,,,
71064453-8620148142014,7,0,0,1,1,9,00042ND|1,00Q12ND1|7,00Q1RCU|1,,
123249684-6242014712014,6,0,0,1,0,7,00Q12ND1|6,00Q1RCU|1,,,
58721484-4242013582013,0,0,14,0,0,14,00Q1SP-4|14,,,,
24828066-91820139282013,0,0,10,0,0,10,00Q1SP-4|10,,,,
107386335-20101162010128,0,0,12,0,2,14,0004SP-4|2,00Q1SP-4|12,,,
76705368-32120133282013,7,0,0,0,0,7,00Q12ND1|7,,,,
119432091-11620131242013,0,0,8,0,0,8,00Q1SP-4|8,,,,
91347300-930201410232014,0,0,22,1,0,23,00Q1RICU|1,00Q1SP-2|22,,,
114628194-1223201112302011,0,0,7,0,0,7,00Q1SP-4|7,,,,
36942561-4212013522013,7,4,0,0,0,11,00Q12ND|4,00Q12ND1|7,,,
122333172-1217201312282013,11,0,0,0,0,11,00Q12ND1|11,,,,
86760783-20101112010120,0,9,0,0,0,9,00Q12ND|9,,,,
45935295-9420139172013,0,0,13,0,0,13,00Q1SP-4|13,,,,
118510170-926201210102012,0,0,14,0,0,14,00Q1SP-4|14,,,,
65330268-72620128102012,0,0,15,0,0,15,00Q1SP-4|15,,,,
25735671-41220114192011,0,9,0,0,0,9,00Q12ND|9,,,,
120430098-92120131012013,0,0,10,0,0,10,00Q1SP-2|10,,,,
118988076-11020131192013,7,0,1,1,0,9,00Q12ND1|7,00Q1RCU|1,00Q1SP-4|1,,
121180854-8920138222013,7,0,6,0,0,13,00Q12ND1|7,00Q1SP-2|6,,,
47462316-3232014422014,0,0,10,0,0,10,00Q1SP-4|10,,,,
38509410-5120125132012,0,0,12,0,0,12,00Q1SP-4|12,,,,
16672401-3820113162011,0,0,7,1,0,8,00Q1RCU|1,00Q1SP-4|7,,,
117595446-51820125312012,5,0,8,0,0,13,00Q12ND1|5,00Q1SP-4|8,,,
13090998-4520124202012,14,0,0,1,0,15,00Q12ND|14,00Q1RCU|1,,,
114156204-2232011382011,0,13,0,0,0,13,00Q12ND|13,,,,
123418713-6720146162014,9,0,0,0,0,9,00Q12ND1|9,,,,
61327266-31820143282014,0,0,10,0,0,10,00Q1SP-4|10,,,,
114772281-116201411142014,0,0,6,2,2,10,0004SP-4|2,00Q1RCU|2,00Q1SP-4|6,,
106712421-122820101112011,0,1,13,0,0,14,00Q12ND|1,00Q1SP-4|13,,,
95382087-9520109202010,0,15,0,0,0,15,00Q12ND|15,,,,
39462333-115201411202014,8,0,6,1,1,16,0004SP-4|1,00Q12NDB|8,00Q1RCU|1,00Q1SP-4|6,
32542086-7120117252011,0,5,18,1,0,24,00Q12ND|5,00Q1RICU|1,00Q1SP-4|18,,
113464020-1114201011272010,0,13,0,0,0,13,00Q12ND|13,,,,
19339521-1021201410292014,7,0,0,1,0,8,00Q12ND1|7,00Q1RCU|1,,,
120505656-8520138162013,0,0,11,0,0,11,00Q1SP-2|11,,,,
121279218-81320138222013,0,0,8,1,0,9,00Q1RCU|1,00Q1SP-4|8,,,
Account Total Day,2288,2272,7180,470,121,12331,,,,,
Account Room Rate,0.1855486173,0.1842510745,0.5822723218,0.0381153191,0.0098126673,1,,,,,
