	10	0007000A	45
	10	0007091E	20
	10	0007091G	1
	10	000709AS	1
	10	000709B1	3
	10	000709BZ	1
	10	000709CD	5
	10	000709CM	1
	10	000709D1	16
	10	000709EX	4
	10	000709EY	1
	10	000709K7	42
	10	000709KG	1
	10	000709KS	1
	10	0007171F	4
	10	0007171G	12
	10	0007171R	6
	10	0007171T	11
	10	0007171U	11
	10	0007172C	10
	10	0007172D	9
	10	000717A1	4
	10	000757A4	2
	10	000757A5	2
	10	000757GG	2
	10	000757GH	1
	10	000757GI	2
	10	000757GP	3
	10	000757HI	56
	10	000757IA	1
	10	000757IE	1
	10	000757JL	1
	10	000757JN	1
	10	000757JO	1
	10	000757KM	1
	10	000759C8	8
	10	000759C9	6
	10	0007620K	1
	10	0007620L	4
	10	0007620X	2
	10	0007621L	4
	10	000762AC	5
	10	0007631K	51
	10	0007631L	1
	10	0007631M	965
	10	0007631W	1
	10	000763A3	1
	10	0007798A	12
	10	0007811B	1
	10	000921EF	1
	10	70000	3
	10	70001	42
	10	70002	25494
	10	70004	75054
	10	70005	64631
	10	70006	15765
	10	70007	7386
	10	70008	156
	10	70009	339
	10	70011	386
	10	70013	13255
	10	70014	46
	10	70016	13064
	10	70017	3
	10	70022	1
	10	70037	4
	10	70038	42
	10	70039	49
	10	70040	6
	10	70047	57
	10	70072	144
	10	70073	2
	10	70082	14339
	10	70083	7891
	10	70085	12487
	10	70158	16
	10	70202	1
	10	70260	1
	10	70261	30
	10	70265	4
	10	70266	687
	10	70280	2
	10	70415	428
	10	70416	308
	10	70417	143
	10	70418	3477
	10	70421	78
	10	70422	104
	10	70709	7
	10	70720	2
	10	70721	3
	10	70724	1
	10	70727	2
	10	70729	1
	10	70806	83
	10	70811	458
	10	70815	32
	10	70835	4
	10	70887	5356
	10	70905	12
	10	70944	1
	10	70945	3
	10	70963	1
	10	70973	2
	10	70989	57
	10	70990	41
	10	70996	1
	10	71028	2
	10	71258	2
	10	71502	42
	10	71503	34
	10	71724	250
	10	71726	19
	10	71727	43
	10	71761	57
	10	71770	16
	10	71771	1
	10	71778	24
	10	71783	7
	10	71787	53
	10	74030	2
	10	74507	2
	10	74580	4
	10	75115	3
	10	75124	22
	10	75125	1
	10	75133	2
	10	75138	2
	10	75302	12
	10	75336	19
	10	75338	4
	10	75339	5
	10	75605	3
	10	75606	13
	10	75607	1
	10	75612	3
	10	75617	2
	10	75619	1
	10	75620	35
	10	75623	1
	10	75624	22
	10	75628	1
	10	75629	1
	10	75660	1
	10	75666	1
	10	75667	1
	10	75669	84
	10	75670	1
	10	75722	40
	10	75723	1
	10	75808	1
	10	75892	1
	10	75914	8
	10	75915	17
	10	75916	2
	10	75917	376
	10	75919	1
	10	75965	65
	10	76285	2
	10	76304	1
	10	76305	2
	10	76306	1
	10	76307	2
	10	76312	3
	10	76313	2
	10	76314	3
	10	76319	3
	10	76331	36
	10	76354	2
	10	76373	1
	10	76375	3
	10	76387	1
	10	76396	6
	10	76399	24
	10	76505	474
	10	76506	4
	10	76513	7
	10	76526	26
	10	76534	3083
	10	76542	552
	10	76543	287
	10	76544	807
	10	76549	4
	10	76560	65
	10	76568	19
	10	76701	1
	10	77030	2
	10	77061	11
	10	77152	2
	10	77178	2
	10	77198	1
	10	77207	1
	10	77234	4
	10	77498	1
	10	77717	3
	10	77837	4
	10	77848	6
	10	77873	31
	10	77874	3
	10	77875	7
	10	77876	23
	10	77900	1
	10	77901	1
	10	77919	6
	10	77987	1
	10	77988	3
	10	78007	143
	10	78008	14
	10	78110	19
	10	78111	2
	10	78121	5
	10	78127	5
	10	78131	8
	10	78161	1
	10	78166	1
	10	92602815	28
	10	92671258	20
	10	992MO122	1
	10	992OS102	1
	10	992OS302	2
	10	992OS304	7
	10	992OS611	13
	10	992OS612	4
	10	992OS615	2
	10	992P4067	1
	10	992SO606	1
	10	M7000201	6
	10	M7000401	1
	10	M7000601	970
	10	M7000602	370
	10	M7000603	7
	10	M7000606	4
	10	M7000701	2
	10	M7000820	11
	10	M7000830	261
	10	M7001041	12354
	10	M7001042	1143
	10	M7001043	3447
	10	M7001044	8
	10	M7001045	476
	10	M7001046	12
	10	M7001401	6
	10	M7001601	3563
	10	M7001701	627
	10	M7001702	162
	10	M7001703	4
	10	M7001709	22
	10	M7001710	2
	10	M7001721	16
	10	M7001722	414
	10	M7001724	36
	10	M7001731	3
	10	M7001732	32
	10	M7001930	1
	10	M7001950	2031
	10	M7001960	31
	10	M7001961	4807
	10	M7002223	2
	10	M7002501	307
	10	M7004001	420
	10	M7004003	451
	10	M7004009	13
	10	M7004775	1
	10	M7008202	106
	10	M7008301	340
	10	M7010101	2
	10	M7020000	115
	10	M7020001	186
	10	M7026503	30
	10	M7030645	1
	10	M7070107	1
	10	M7070110	3
	10	M7070113	1
	10	M7071901	1
	10	M7071936	1
	10	M7077116	2
	10	M7077120	6
	10	M7077124	5
	10	M7080101	15
	10	M7080612	111
	10	M7080660	462
	10	M7080685	72
	10	M7080712	26
	10	M7080760	143
	10	M7080790	7
	10	M7081822	199
	10	M7081982	427
	10	M7083901	207
	10	M7087815	25
	10	M7088702	9
	10	M7088704	5
	10	M7088707	244
	10	M7090006	1
	10	M7090035	1
	10	M709003A	1
	10	M7090041	2
	10	M7090050	1
	10	M7090052	1
	10	M7090054	1
	10	M7090056	3
	10	M7090069	1
	10	M7090078	1
	10	M70900B4	1
	10	M70900B5	1
	10	M7090512	5
	10	M7090902	1
	10	M7091001	1
	10	M7091004	10
	10	M7091501	7
	10	M7091503	1
	10	M7091505	1
	10	M7091G01	1
	10	M7091H07	2
	10	M7091X04	5
	10	M7092606	26
	10	M7093701	1
	10	M7094903	1
	10	M7094906	2
	10	M7098854	1
	10	M7099002	2
	10	M709AS02	3
	10	M709AS08	3
	10	M709AU85	3
	10	M709BZ05	10
	10	M709BZ06	8
	10	M709CB01	2
	10	M709CB02	14
	10	M709CK01	1
	10	M709CK02	2
	10	M709CT01	4
	10	M709CT02	5
	10	M709D005	13
	10	M709DF02	2
	10	M709E706	1
	10	M709HX03	2
	10	M709JP03	3
	10	M709KU01	2
	10	M709KU05	1
	10	M709KU07	1
	10	M709KV03	1
	10	M709LF01	1
	10	M709LN04	2
	10	M709LN05	4
	10	M709PM07	1
	10	M709PMS1	3
	10	M7100005	1
	10	M7100006	5
	10	M7100007	1
	10	M7100008	1
	10	M7100016	3
	10	M7100030	236
	10	M7100034	1
	10	M7100036	106
	10	M7102815	33
	10	M7115405	5
	10	M7120001	4
	10	M7150001	1
	10	M7153301	29
	10	M7153307	10
	10	M7170003	4
	10	M7170013	3
	10	M7170014	5
	10	M7170018	7
	10	M7170019	1
	10	M7170020	341
	10	M7170023	20
	10	M7170024	7
	10	M7170041	1
	10	M7170048	720
	10	M7170056	5
	10	M7170062	6
	10	M7170063	6
	10	M7170065	1
	10	M7170066	595
	10	M7170067	19
	10	M7170072	28
	10	M7170073	109
	10	M7170078	1
	10	M7170084	32
	10	M7170085	1
	10	M7170088	1
	10	M7170119	5
	10	M7170122	2
	10	M7170126	1
	10	M7170127	1
	10	M7170138	3
	10	M7170602	4
	10	M7170801	1
	10	M7170804	1
	10	M7171006	30
	10	M7171010	26
	10	M7171011	1
	10	M7171014	2
	10	M7171903	3
	10	M7171A52	2
	10	M7173000	6
	10	M7173016	1
	10	M7175101	55
	10	M7175301	6
	10	M7177503	188
	10	M7177514	3
	10	M7177602	1
	10	M7178002	1
	10	M7178101	5
	10	M7178102	355
	10	M7178901	2
	10	M7179002	6
	10	M7310006	1
	10	M7310015	1
	10	M7310050	1
	10	M7310053	1
	10	M7370029	200
	10	M7370046	1
	10	M7370049	1
	10	M7370051	26
	10	M7370061	2
	10	M7370601	4
	10	M7400005	19
	10	M7400010	2
	10	M7400011	2
	10	M7400027	1
	10	M7450006	1
	10	M7450703	2
	10	M7454601	2
	10	M7458002	1
	10	M7458004	3
	10	M7510008	427
	10	M7510010	4
	10	M7510030	5
	10	M7510042	1
	10	M7510045	216
	10	M7510060	208
	10	M7510068	17
	10	M7510075	1
	10	M7510079	1
	10	M7510083	1
	10	M7510091	1
	10	M7510130	172
	10	M7511300	13
	10	M7511302	1
	10	M7511303	50
	10	M7512162	21
	10	M7512163	2
	10	M7512190	21
	10	M7513304	12
	10	M7513305	13
	10	M7513406	15
	10	M7514219	1
	10	M7514231	47
	10	M7514245	386
	10	M7530005	206
	10	M7530007	1
	10	M7530008	1
	10	M7530013	18
	10	M7530014	1
	10	M7530016	2
	10	M7530027	16
	10	M7530028	14
	10	M7530037	2
	10	M7530045	1
	10	M7530052	383
	10	M7530059	2
	10	M7530067	4
	10	M7530069	2
	10	M7530070	33
	10	M7530074	9
	10	M7530085	2
	10	M7530089	4
	10	M7530091	18
	10	M7530092	13
	10	M7530093	10
	10	M7530094	12
	10	M75300N6	2
	10	M7530209	1
	10	M7530215	2
	10	M7530221	6
	10	M7530228	6
	10	M7530239	1
	10	M7530285	6
	10	M7530286	6
	10	M7530287	6
	10	M7533901	18
	10	M7534100	4
	10	M7550010	8
	10	M7550012	1
	10	M7550013	1
	10	M7550015	15
	10	M7560004	7
	10	M7560011	1
	10	M7560014	9
	10	M7560015	3
	10	M7560017	2
	10	M7560022	2
	10	M7560026	2
	10	M7560036	1
	10	M7560046	12
	10	M7560048	20
	10	M7560052	3
	10	M7560055	2
	10	M7560056	2
	10	M7560057	19
	10	M7560058	21
	10	M7560059	7
	10	M7560060	179
	10	M7560068	1
	10	M7560069	1
	10	M7560071	1
	10	M7560072	2
	10	M7560073	1
	10	M7560076	4
	10	M7560079	8
	10	M7560080	25
	10	M7560084	6
	10	M7561301	48
	10	M7561751	197
	10	M7561752	13
	10	M7562060	15
	10	M7562201	74
	10	M7566303	13
	10	M7566305	5
	10	M7566307	3
	10	M7566309	3
	10	M7570001	1
	10	M7570018	2
	10	M7570021	12
	10	M7570022	2
	10	M7570029	4
	10	M7570036	1
	10	M7570119	3
	10	M7570177	1
	10	M7570180	1
	10	M7570184	1
	10	M7570193	1
	10	M7570207	1
	10	M7570209	2
	10	M7570211	16
	10	M7570212	16
	10	M7570213	2
	10	M7570214	16
	10	M7570220	1
	10	M7570223	1
	10	M7570224	12
	10	M7570F01	2
	10	M7572146	3
	10	M7572701	7
	10	M7573903	1
	10	M757HF02	1
	10	M757HL40	1
	10	M757JH20	1
	10	M757JM20	4
	10	M757KQ02	1
	10	M757KR02	1
	10	M7582300	1
	10	M7585005	6
	10	M7585007	6
	10	M7585008	6
	10	M7585019	1
	10	M7590028	7
	10	M7590029	4
	10	M7590030	5
	10	M7596105	1
	10	M7596503	1
	10	M7596504	50
	10	M7620004	94
	10	M7620015	2
	10	M7620017	1
	10	M7620022	2
	10	M7620024	1
	10	M7620025	1
	10	M7620030	5
	10	M7620031	4
	10	M7620032	4
	10	M7620041	1
	10	M7620051	2
	10	M7620053	1
	10	M7620055	3
	10	M7620062	1
	10	M7620069	2
	10	M7620072	37
	10	M7620073	1
	10	M7620076	1
	10	M7620098	1
	10	M7620115	6
	10	M7620138	1
	10	M7620140	1
	10	M7620153	1
	10	M7620161	1
	10	M7620300	2
	10	M7623101	3
	10	M7624813	1
	10	M7627400	1
	10	M7627402	2
	10	M7627406	3
	10	M7627903	2
	10	M7629902	75
	10	M762A101	3
	10	M762AA03	7
	10	M762AC01	5
	10	M762BJ66	2
	10	M762BK83	23
	10	M7630011	48
	10	M7630014	2
	10	M7630041	1
	10	M7630053	47
	10	M7630059	6
	10	M7630064	5
	10	M7630067	1
	10	M7630069	1
	10	M7630073	1
	10	M7630076	1
	10	M7630083	1
	10	M7630090	6
	10	M7630094	23
	10	M7630103	2
	10	M7630113	2
	10	M7630114	9
	10	M7630121	2
	10	M7630124	1
	10	M7630127	2
	10	M7630128	4
	10	M7630129	3
	10	M7630130	3
	10	M7630131	1
	10	M7630132	1
	10	M7630149	8
	10	M7630160	1
	10	M7630213	1
	10	M7630222	31
	10	M7630231	1
	10	M7630241	1
	10	M7630245	1
	10	M7630246	3
	10	M7630251	3
	10	M7630256	2
	10	M7630267	1
	10	M7630283	1
	10	M7630285	1
	10	M7631100	45
	10	M7631648	4
	10	M7632501	9
	10	M7633502	1
	10	M7633503	2
	10	M7633511	1
	10	M7633512	1
	10	M7636118	2
	10	M7636311	1
	10	M7637601	1
	10	M7637604	4
	10	M7637605	7
	10	M7637606	2
	10	M7637607	3
	10	M7637802	3
	10	M7638302	15
	10	M7639002	3
	10	M7639900	1
	10	M763D102	2
	10	M763D103	6
	10	M7650003	1
	10	M7650008	6
	10	M7650011	4
	10	M7650013	1
	10	M7650021	7
	10	M7650022	331
	10	M7650023	15
	10	M7650201	2
	10	M7651842	4
	10	M7652948	99
	10	M7654102	4
	10	M7654201	3
	10	M7654202	8
	10	M7654203	5
	10	M7654204	89
	10	M7654205	4
	10	M7654601	4
	10	M7656801	366
	10	M7670003	11
	10	M7670004	4
	10	M7670005	2
	10	M7670006	1
	10	M7670009	211
	10	M7670011	3
	10	M7670013	37
	10	M7670015	1
	10	M7670102	34
	10	M7670103	34
	10	M7672401	199
	10	M76724S1	9
	10	M7716804	1
	10	M77800CP	1
	10	M77848S1	26
	10	M7785301	8
	10	M7786801	5
	10	M7790D01	1
	10	M7790D04	2
	10	M7798104	12
	10	M7798201	9
	10	M7800002	48
	10	M7800003	11
	10	M7800200	1
	10	M7801648	2214
	10	M7802427	286
	10	M7810801	2
	10	M7811301	3
	10	M7811706	403
	10	M7811879	682
